110000  11  00  00  北京市  
110100  11  01  00  市辖区  
110101  11  01  01  东城区  
110102  11  01  02  西城区  
110105  11  01  05  朝阳区  
110106  11  01  06  丰台区  
110107  11  01  07  石景山区  
110108  11  01  08  海淀区  
110109  11  01  09  门头沟区  
110111  11  01  11  房山区  
110112  11  01  12  通州区  
110113  11  01  13  顺义区  
110114  11  01  14  昌平区  
110115  11  01  15  大兴区  
110116  11  01  16  怀柔区  
110117  11  01  17  平谷区  
110200  11  02  00  县  
110228  11  02  28  密云县  
110229  11  02  29  延庆县  
120000  12  00  00  天津市  
120100  12  01  00  市辖区  
120101  12  01  01  和平区  
120102  12  01  02  河东区  
120103  12  01  03  河西区  
120104  12  01  04  南开区  
120105  12  01  05  河北区  
120106  12  01  06  红桥区  
120110  12  01  10  东丽区  
120111  12  01  11  西青区  
120112  12  01  12  津南区  
120113  12  01  13  北辰区  
120114  12  01  14  武清区  
120115  12  01  15  宝坻区  
120116  12  01  16  滨海新区  
120200  12  02  00  县  
120221  12  02  21  宁河县  
120223  12  02  23  静海县  
120225  12  02  25  蓟县  
130000  13  00  00  河北省  
130100  13  01  00  石家庄市  
130101  13  01  01  市辖区  
130102  13  01  02  长安区  
130103  13  01  03  桥东区  
130104  13  01  04  桥西区  
130105  13  01  05  新华区  
130107  13  01  07  井陉矿区  
130108  13  01  08  裕华区  
130121  13  01  21  井陉县  
130123  13  01  23  正定县  
130124  13  01  24  栾城县  
130125  13  01  25  行唐县  
130126  13  01  26  灵寿县  
130127  13  01  27  高邑县  
130128  13  01  28  深泽县  
130129  13  01  29  赞皇县  
130130  13  01  30  无极县  
130131  13  01  31  平山县  
130132  13  01  32  元氏县  
130133  13  01  33  赵县  
130181  13  01  81  辛集市  
130182  13  01  82  藁城市  
130183  13  01  83  晋州市  
130184  13  01  84  新乐市  
130185  13  01  85  鹿泉市  
130200  13  02  00  唐山市  
130201  13  02  01  市辖区  
130202  13  02  02  路南区  
130203  13  02  03  路北区  
130204  13  02  04  古冶区  
130205  13  02  05  开平区  
130207  13  02  07  丰南区  
130208  13  02  08  丰润区  
130209  13  02  09  曹妃甸区  
130223  13  02  23  滦县  
130224  13  02  24  滦南县  
130225  13  02  25  乐亭县  
130227  13  02  27  迁西县  
130229  13  02  29  玉田县  
130281  13  02  81  遵化市  
130283  13  02  83  迁安市  
130300  13  03  00  秦皇岛市  
130301  13  03  01  市辖区  
130302  13  03  02  海港区  
130303  13  03  03  山海关区  
130304  13  03  04  北戴河区  
130321  13  03  21  青龙满族自治县  
130322  13  03  22  昌黎县  
130323  13  03  23  抚宁县  
130324  13  03  24  卢龙县  
130400  13  04  00  邯郸市  
130401  13  04  01  市辖区  
130402  13  04  02  邯山区  
130403  13  04  03  丛台区  
130404  13  04  04  复兴区  
130406  13  04  06  峰峰矿区  
130421  13  04  21  邯郸县  
130423  13  04  23  临漳县  
130424  13  04  24  成安县  
130425  13  04  25  大名县  
130426  13  04  26  涉县  
130427  13  04  27  磁县  
130428  13  04  28  肥乡县  
130429  13  04  29  永年县  
130430  13  04  30  邱县  
130431  13  04  31  鸡泽县  
130432  13  04  32  广平县  
130433  13  04  33  馆陶县  
130434  13  04  34  魏县  
130435  13  04  35  曲周县  
130481  13  04  81  武安市  
130500  13  05  00  邢台市  
130501  13  05  01  市辖区  
130502  13  05  02  桥东区  
130503  13  05  03  桥西区  
130521  13  05  21  邢台县  
130522  13  05  22  临城县  
130523  13  05  23  内丘县  
130524  13  05  24  柏乡县  
130525  13  05  25  隆尧县  
130526  13  05  26  任县  
130527  13  05  27  南和县  
130528  13  05  28  宁晋县  
130529  13  05  29  巨鹿县  
130530  13  05  30  新河县  
130531  13  05  31  广宗县  
130532  13  05  32  平乡县  
130533  13  05  33  威县  
130534  13  05  34  清河县  
130535  13  05  35  临西县  
130581  13  05  81  南宫市  
130582  13  05  82  沙河市  
130600  13  06  00  保定市  
130601  13  06  01  市辖区  
130602  13  06  02  新市区  
130603  13  06  03  北市区  
130604  13  06  04  南市区  
130621  13  06  21  满城县  
130622  13  06  22  清苑县  
130623  13  06  23  涞水县  
130624  13  06  24  阜平县  
130625  13  06  25  徐水县  
130626  13  06  26  定兴县  
130627  13  06  27  唐县  
130628  13  06  28  高阳县  
130629  13  06  29  容城县  
130630  13  06  30  涞源县  
130631  13  06  31  望都县  
130632  13  06  32  安新县  
130633  13  06  33  易县  
130634  13  06  34  曲阳县  
130635  13  06  35  蠡县  
130636  13  06  36  顺平县  
130637  13  06  37  博野县  
130638  13  06  38  雄县  
130681  13  06  81  涿州市  
130682  13  06  82  定州市  
130683  13  06  83  安国市  
130684  13  06  84  高碑店市  
130700  13  07  00  张家口市  
130701  13  07  01  市辖区  
130702  13  07  02  桥东区  
130703  13  07  03  桥西区  
130705  13  07  05  宣化区  
130706  13  07  06  下花园区  
130721  13  07  21  宣化县  
130722  13  07  22  张北县  
130723  13  07  23  康保县  
130724  13  07  24  沽源县  
130725  13  07  25  尚义县  
130726  13  07  26  蔚县  
130727  13  07  27  阳原县  
130728  13  07  28  怀安县  
130729  13  07  29  万全县  
130730  13  07  30  怀来县  
130731  13  07  31  涿鹿县  
130732  13  07  32  赤城县  
130733  13  07  33  崇礼县  
130800  13  08  00  承德市  
130801  13  08  01  市辖区  
130802  13  08  02  双桥区  
130803  13  08  03  双滦区  
130804  13  08  04  鹰手营子矿区  
130821  13  08  21  承德县  
130822  13  08  22  兴隆县  
130823  13  08  23  平泉县  
130824  13  08  24  滦平县  
130825  13  08  25  隆化县  
130826  13  08  26  丰宁满族自治县  
130827  13  08  27  宽城满族自治县  
130828  13  08  28  围场满族蒙古族自治县  
130900  13  09  00  沧州市  
130901  13  09  01  市辖区  
130902  13  09  02  新华区  
130903  13  09  03  运河区  
130921  13  09  21  沧县  
130922  13  09  22  青县  
130923  13  09  23  东光县  
130924  13  09  24  海兴县  
130925  13  09  25  盐山县  
130926  13  09  26  肃宁县  
130927  13  09  27  南皮县  
130928  13  09  28  吴桥县  
130929  13  09  29  献县  
130930  13  09  30  孟村回族自治县  
130981  13  09  81  泊头市  
130982  13  09  82  任丘市  
130983  13  09  83  黄骅市  
130984  13  09  84  河间市  
131000  13  10  00  廊坊市  
131001  13  10  01  市辖区  
131002  13  10  02  安次区  
131003  13  10  03  广阳区  
131022  13  10  22  固安县  
131023  13  10  23  永清县  
131024  13  10  24  香河县  
131025  13  10  25  大城县  
131026  13  10  26  文安县  
131028  13  10  28  大厂回族自治县  
131081  13  10  81  霸州市  
131082  13  10  82  三河市  
131100  13  11  00  衡水市  
131101  13  11  01  市辖区  
131102  13  11  02  桃城区  
131121  13  11  21  枣强县  
131122  13  11  22  武邑县  
131123  13  11  23  武强县  
131124  13  11  24  饶阳县  
131125  13  11  25  安平县  
131126  13  11  26  故城县  
131127  13  11  27  景县  
131128  13  11  28  阜城县  
131181  13  11  81  冀州市  
131182  13  11  82  深州市  
140000  14  00  00  山西省  
140100  14  01  00  太原市  
140101  14  01  01  市辖区  
140105  14  01  05  小店区  
140106  14  01  06  迎泽区  
140107  14  01  07  杏花岭区  
140108  14  01  08  尖草坪区  
140109  14  01  09  万柏林区  
140110  14  01  10  晋源区  
140121  14  01  21  清徐县  
140122  14  01  22  阳曲县  
140123  14  01  23  娄烦县  
140181  14  01  81  古交市  
140200  14  02  00  大同市  
140201  14  02  01  市辖区  
140202  14  02  02  城区  
140203  14  02  03  矿区  
140211  14  02  11  南郊区  
140212  14  02  12  新荣区  
140221  14  02  21  阳高县  
140222  14  02  22  天镇县  
140223  14  02  23  广灵县  
140224  14  02  24  灵丘县  
140225  14  02  25  浑源县  
140226  14  02  26  左云县  
140227  14  02  27  大同县  
140300  14  03  00  阳泉市  
140301  14  03  01  市辖区  
140302  14  03  02  城区  
140303  14  03  03  矿区  
140311  14  03  11  郊区  
140321  14  03  21  平定县  
140322  14  03  22  盂县  
140400  14  04  00  长治市  
140401  14  04  01  市辖区  
140402  14  04  02  城区  
140411  14  04  11  郊区  
140421  14  04  21  长治县  
140423  14  04  23  襄垣县  
140424  14  04  24  屯留县  
140425  14  04  25  平顺县  
140426  14  04  26  黎城县  
140427  14  04  27  壶关县  
140428  14  04  28  长子县  
140429  14  04  29  武乡县  
140430  14  04  30  沁县  
140431  14  04  31  沁源县  
140481  14  04  81  潞城市  
140500  14  05  00  晋城市  
140501  14  05  01  市辖区  
140502  14  05  02  城区  
140521  14  05  21  沁水县  
140522  14  05  22  阳城县  
140524  14  05  24  陵川县  
140525  14  05  25  泽州县  
140581  14  05  81  高平市  
140600  14  06  00  朔州市  
140601  14  06  01  市辖区  
140602  14  06  02  朔城区  
140603  14  06  03  平鲁区  
140621  14  06  21  山阴县  
140622  14  06  22  应县  
140623  14  06  23  右玉县  
140624  14  06  24  怀仁县  
140700  14  07  00  晋中市  
140701  14  07  01  市辖区  
140702  14  07  02  榆次区  
140721  14  07  21  榆社县  
140722  14  07  22  左权县  
140723  14  07  23  和顺县  
140724  14  07  24  昔阳县  
140725  14  07  25  寿阳县  
140726  14  07  26  太谷县  
140727  14  07  27  祁县  
140728  14  07  28  平遥县  
140729  14  07  29  灵石县  
140781  14  07  81  介休市  
140800  14  08  00  运城市  
140801  14  08  01  市辖区  
140802  14  08  02  盐湖区  
140821  14  08  21  临猗县  
140822  14  08  22  万荣县  
140823  14  08  23  闻喜县  
140824  14  08  24  稷山县  
140825  14  08  25  新绛县  
140826  14  08  26  绛县  
140827  14  08  27  垣曲县  
140828  14  08  28  夏县  
140829  14  08  29  平陆县  
140830  14  08  30  芮城县  
140881  14  08  81  永济市  
140882  14  08  82  河津市  
140900  14  09  00  忻州市  
140901  14  09  01  市辖区  
140902  14  09  02  忻府区  
140921  14  09  21  定襄县  
140922  14  09  22  五台县  
140923  14  09  23  代县  
140924  14  09  24  繁峙县  
140925  14  09  25  宁武县  
140926  14  09  26  静乐县  
140927  14  09  27  神池县  
140928  14  09  28  五寨县  
140929  14  09  29  岢岚县  
140930  14  09  30  河曲县  
140931  14  09  31  保德县  
140932  14  09  32  偏关县  
140981  14  09  81  原平市  
141000  14  10  00  临汾市  
141001  14  10  01  市辖区  
141002  14  10  02  尧都区  
141021  14  10  21  曲沃县  
141022  14  10  22  翼城县  
141023  14  10  23  襄汾县  
141024  14  10  24  洪洞县  
141025  14  10  25  古县  
141026  14  10  26  安泽县  
141027  14  10  27  浮山县  
141028  14  10  28  吉县  
141029  14  10  29  乡宁县  
141030  14  10  30  大宁县  
141031  14  10  31  隰县  
141032  14  10  32  永和县  
141033  14  10  33  蒲县  
141034  14  10  34  汾西县  
141081  14  10  81  侯马市  
141082  14  10  82  霍州市  
141100  14  11  00  吕梁市  
141101  14  11  01  市辖区  
141102  14  11  02  离石区  
141121  14  11  21  文水县  
141122  14  11  22  交城县  
141123  14  11  23  兴县  
141124  14  11  24  临县  
141125  14  11  25  柳林县  
141126  14  11  26  石楼县  
141127  14  11  27  岚县  
141128  14  11  28  方山县  
141129  14  11  29  中阳县  
141130  14  11  30  交口县  
141181  14  11  81  孝义市  
141182  14  11  82  汾阳市  
150000  15  00  00  内蒙古自治区  
150100  15  01  00  呼和浩特市  
150101  15  01  01  市辖区  
150102  15  01  02  新城区  
150103  15  01  03  回民区  
150104  15  01  04  玉泉区  
150105  15  01  05  赛罕区  
150121  15  01  21  土默特左旗  
150122  15  01  22  托克托县  
150123  15  01  23  和林格尔县  
150124  15  01  24  清水河县  
150125  15  01  25  武川县  
150200  15  02  00  包头市  
150201  15  02  01  市辖区  
150202  15  02  02  东河区  
150203  15  02  03  昆都仑区  
150204  15  02  04  青山区  
150205  15  02  05  石拐区  
150206  15  02  06  白云鄂博矿区  
150207  15  02  07  九原区  
150221  15  02  21  土默特右旗  
150222  15  02  22  固阳县  
150223  15  02  23  达尔罕茂明安联合旗  
150300  15  03  00  乌海市  
150301  15  03  01  市辖区  
150302  15  03  02  海勃湾区  
150303  15  03  03  海南区  
150304  15  03  04  乌达区  
150400  15  04  00  赤峰市  
150401  15  04  01  市辖区  
150402  15  04  02  红山区  
150403  15  04  03  元宝山区  
150404  15  04  04  松山区  
150421  15  04  21  阿鲁科尔沁旗  
150422  15  04  22  巴林左旗  
150423  15  04  23  巴林右旗  
150424  15  04  24  林西县  
150425  15  04  25  克什克腾旗  
150426  15  04  26  翁牛特旗  
150428  15  04  28  喀喇沁旗  
150429  15  04  29  宁城县  
150430  15  04  30  敖汉旗  
150500  15  05  00  通辽市  
150501  15  05  01  市辖区  
150502  15  05  02  科尔沁区  
150521  15  05  21  科尔沁左翼中旗  
150522  15  05  22  科尔沁左翼后旗  
150523  15  05  23  开鲁县  
150524  15  05  24  库伦旗  
150525  15  05  25  奈曼旗  
150526  15  05  26  扎鲁特旗  
150581  15  05  81  霍林郭勒市  
150600  15  06  00  鄂尔多斯市  
150601  15  06  01  市辖区  
150602  15  06  02  东胜区  
150621  15  06  21  达拉特旗  
150622  15  06  22  准格尔旗  
150623  15  06  23  鄂托克前旗  
150624  15  06  24  鄂托克旗  
150625  15  06  25  杭锦旗  
150626  15  06  26  乌审旗  
150627  15  06  27  伊金霍洛旗  
150700  15  07  00  呼伦贝尔市  
150701  15  07  01  市辖区  
150702  15  07  02  海拉尔区  
150703  15  07  03  扎赉诺尔区  
150721  15  07  21  阿荣旗  
150722  15  07  22  莫力达瓦达斡尔族自治旗  
150723  15  07  23  鄂伦春自治旗  
150724  15  07  24  鄂温克族自治旗  
150725  15  07  25  陈巴尔虎旗  
150726  15  07  26  新巴尔虎左旗  
150727  15  07  27  新巴尔虎右旗  
150781  15  07  81  满洲里市  
150782  15  07  82  牙克石市  
150783  15  07  83  扎兰屯市  
150784  15  07  84  额尔古纳市  
150785  15  07  85  根河市  
150800  15  08  00  巴彦淖尔市  
150801  15  08  01  市辖区  
150802  15  08  02  临河区  
150821  15  08  21  五原县  
150822  15  08  22  磴口县  
150823  15  08  23  乌拉特前旗  
150824  15  08  24  乌拉特中旗  
150825  15  08  25  乌拉特后旗  
150826  15  08  26  杭锦后旗  
150900  15  09  00  乌兰察布市  
150901  15  09  01  市辖区  
150902  15  09  02  集宁区  
150921  15  09  21  卓资县  
150922  15  09  22  化德县  
150923  15  09  23  商都县  
150924  15  09  24  兴和县  
150925  15  09  25  凉城县  
150926  15  09  26  察哈尔右翼前旗  
150927  15  09  27  察哈尔右翼中旗  
150928  15  09  28  察哈尔右翼后旗  
150929  15  09  29  四子王旗  
150981  15  09  81  丰镇市  
152200  15  22  00  兴安盟  
152201  15  22  01  乌兰浩特市  
152202  15  22  02  阿尔山市  
152221  15  22  21  科尔沁右翼前旗  
152222  15  22  22  科尔沁右翼中旗  
152223  15  22  23  扎赉特旗  
152224  15  22  24  突泉县  
152500  15  25  00  锡林郭勒盟  
152501  15  25  01  二连浩特市  
152502  15  25  02  锡林浩特市  
152522  15  25  22  阿巴嘎旗  
152523  15  25  23  苏尼特左旗  
152524  15  25  24  苏尼特右旗  
152525  15  25  25  东乌珠穆沁旗  
152526  15  25  26  西乌珠穆沁旗  
152527  15  25  27  太仆寺旗  
152528  15  25  28  镶黄旗  
152529  15  25  29  正镶白旗  
152530  15  25  30  正蓝旗  
152531  15  25  31  多伦县  
152900  15  29  00  阿拉善盟  
152921  15  29  21  阿拉善左旗  
152922  15  29  22  阿拉善右旗  
152923  15  29  23  额济纳旗  
210000  21  00  00  辽宁省  
210100  21  01  00  沈阳市  
210101  21  01  01  市辖区  
210102  21  01  02  和平区  
210103  21  01  03  沈河区  
210104  21  01  04  大东区  
210105  21  01  05  皇姑区  
210106  21  01  06  铁西区  
210111  21  01  11  苏家屯区  
210112  21  01  12  东陵区  
210113  21  01  13  沈北新区  
210114  21  01  14  于洪区  
210122  21  01  22  辽中县  
210123  21  01  23  康平县  
210124  21  01  24  法库县  
210181  21  01  81  新民市  
210200  21  02  00  大连市  
210201  21  02  01  市辖区  
210202  21  02  02  中山区  
210203  21  02  03  西岗区  
210204  21  02  04  沙河口区  
210211  21  02  11  甘井子区  
210212  21  02  12  旅顺口区  
210213  21  02  13  金州区  
210224  21  02  24  长海县  
210281  21  02  81  瓦房店市  
210282  21  02  82  普兰店市  
210283  21  02  83  庄河市  
210300  21  03  00  鞍山市  
210301  21  03  01  市辖区  
210302  21  03  02  铁东区  
210303  21  03  03  铁西区  
210304  21  03  04  立山区  
210311  21  03  11  千山区  
210321  21  03  21  台安县  
210323  21  03  23  岫岩满族自治县  
210381  21  03  81  海城市  
210400  21  04  00  抚顺市  
210401  21  04  01  市辖区  
210402  21  04  02  新抚区  
210403  21  04  03  东洲区  
210404  21  04  04  望花区  
210411  21  04  11  顺城区  
210421  21  04  21  抚顺县  
210422  21  04  22  新宾满族自治县  
210423  21  04  23  清原满族自治县  
210500  21  05  00  本溪市  
210501  21  05  01  市辖区  
210502  21  05  02  平山区  
210503  21  05  03  溪湖区  
210504  21  05  04  明山区  
210505  21  05  05  南芬区  
210521  21  05  21  本溪满族自治县  
210522  21  05  22  桓仁满族自治县  
210600  21  06  00  丹东市  
210601  21  06  01  市辖区  
210602  21  06  02  元宝区  
210603  21  06  03  振兴区  
210604  21  06  04  振安区  
210624  21  06  24  宽甸满族自治县  
210681  21  06  81  东港市  
210682  21  06  82  凤城市  
210700  21  07  00  锦州市  
210701  21  07  01  市辖区  
210702  21  07  02  古塔区  
210703  21  07  03  凌河区  
210711  21  07  11  太和区  
210726  21  07  26  黑山县  
210727  21  07  27  义县  
210781  21  07  81  凌海市  
210782  21  07  82  北镇市  
210800  21  08  00  营口市  
210801  21  08  01  市辖区  
210802  21  08  02  站前区  
210803  21  08  03  西市区  
210804  21  08  04  鲅鱼圈区  
210811  21  08  11  老边区  
210881  21  08  81  盖州市  
210882  21  08  82  大石桥市  
210900  21  09  00  阜新市  
210901  21  09  01  市辖区  
210902  21  09  02  海州区  
210903  21  09  03  新邱区  
210904  21  09  04  太平区  
210905  21  09  05  清河门区  
210911  21  09  11  细河区  
210921  21  09  21  阜新蒙古族自治县  
210922  21  09  22  彰武县  
211000  21  10  00  辽阳市  
211001  21  10  01  市辖区  
211002  21  10  02  白塔区  
211003  21  10  03  文圣区  
211004  21  10  04  宏伟区  
211005  21  10  05  弓长岭区  
211011  21  10  11  太子河区  
211021  21  10  21  辽阳县  
211081  21  10  81  灯塔市  
211100  21  11  00  盘锦市  
211101  21  11  01  市辖区  
211102  21  11  02  双台子区  
211103  21  11  03  兴隆台区  
211121  21  11  21  大洼县  
211122  21  11  22  盘山县  
211200  21  12  00  铁岭市  
211201  21  12  01  市辖区  
211202  21  12  02  银州区  
211204  21  12  04  清河区  
211221  21  12  21  铁岭县  
211223  21  12  23  西丰县  
211224  21  12  24  昌图县  
211281  21  12  81  调兵山市  
211282  21  12  82  开原市  
211300  21  13  00  朝阳市  
211301  21  13  01  市辖区  
211302  21  13  02  双塔区  
211303  21  13  03  龙城区  
211321  21  13  21  朝阳县  
211322  21  13  22  建平县  
211324  21  13  24  喀喇沁左翼蒙古族自治县  
211381  21  13  81  北票市  
211382  21  13  82  凌源市  
211400  21  14  00  葫芦岛市  
211401  21  14  01  市辖区  
211402  21  14  02  连山区  
211403  21  14  03  龙港区  
211404  21  14  04  南票区  
211421  21  14  21  绥中县  
211422  21  14  22  建昌县  
211481  21  14  81  兴城市  
220000  22  00  00  吉林省  
220100  22  01  00  长春市  
220101  22  01  01  市辖区  
220102  22  01  02  南关区  
220103  22  01  03  宽城区  
220104  22  01  04  朝阳区  
220105  22  01  05  二道区  
220106  22  01  06  绿园区  
220112  22  01  12  双阳区  
220122  22  01  22  农安县  
220181  22  01  81  九台市  
220182  22  01  82  榆树市  
220183  22  01  83  德惠市  
220200  22  02  00  吉林市  
220201  22  02  01  市辖区  
220202  22  02  02  昌邑区  
220203  22  02  03  龙潭区  
220204  22  02  04  船营区  
220211  22  02  11  丰满区  
220221  22  02  21  永吉县  
220281  22  02  81  蛟河市  
220282  22  02  82  桦甸市  
220283  22  02  83  舒兰市  
220284  22  02  84  磐石市  
220300  22  03  00  四平市  
220301  22  03  01  市辖区  
220302  22  03  02  铁西区  
220303  22  03  03  铁东区  
220322  22  03  22  梨树县  
220323  22  03  23  伊通满族自治县  
220381  22  03  81  公主岭市  
220382  22  03  82  双辽市  
220400  22  04  00  辽源市  
220401  22  04  01  市辖区  
220402  22  04  02  龙山区  
220403  22  04  03  西安区  
220421  22  04  21  东丰县  
220422  22  04  22  东辽县  
220500  22  05  00  通化市  
220501  22  05  01  市辖区  
220502  22  05  02  东昌区  
220503  22  05  03  二道江区  
220521  22  05  21  通化县  
220523  22  05  23  辉南县  
220524  22  05  24  柳河县  
220581  22  05  81  梅河口市  
220582  22  05  82  集安市  
220600  22  06  00  白山市  
220601  22  06  01  市辖区  
220602  22  06  02  浑江区  
220605  22  06  05  江源区  
220621  22  06  21  抚松县  
220622  22  06  22  靖宇县  
220623  22  06  23  长白朝鲜族自治县  
220681  22  06  81  临江市  
220700  22  07  00  松原市  
220701  22  07  01  市辖区  
220702  22  07  02  宁江区  
220721  22  07  21  前郭尔罗斯蒙古族自治县  
220722  22  07  22  长岭县  
220723  22  07  23  乾安县  
220781  22  07  81  扶余市  
220800  22  08  00  白城市  
220801  22  08  01  市辖区  
220802  22  08  02  洮北区  
220821  22  08  21  镇赉县  
220822  22  08  22  通榆县  
220881  22  08  81  洮南市  
220882  22  08  82  大安市  
222400  22  24  00  延边朝鲜族自治州  
222401  22  24  01  延吉市  
222402  22  24  02  图们市  
222403  22  24  03  敦化市  
222404  22  24  04  珲春市  
222405  22  24  05  龙井市  
222406  22  24  06  和龙市  
222424  22  24  24  汪清县  
222426  22  24  26  安图县  
230000  23  00  00  黑龙江省  
230100  23  01  00  哈尔滨市  
230101  23  01  01  市辖区  
230102  23  01  02  道里区  
230103  23  01  03  南岗区  
230104  23  01  04  道外区  
230108  23  01  08  平房区  
230109  23  01  09  松北区  
230110  23  01  10  香坊区  
230111  23  01  11  呼兰区  
230112  23  01  12  阿城区  
230123  23  01  23  依兰县  
230124  23  01  24  方正县  
230125  23  01  25  宾县  
230126  23  01  26  巴彦县  
230127  23  01  27  木兰县  
230128  23  01  28  通河县  
230129  23  01  29  延寿县  
230182  23  01  82  双城市  
230183  23  01  83  尚志市  
230184  23  01  84  五常市  
230200  23  02  00  齐齐哈尔市  
230201  23  02  01  市辖区  
230202  23  02  02  龙沙区  
230203  23  02  03  建华区  
230204  23  02  04  铁锋区  
230205  23  02  05  昂昂溪区  
230206  23  02  06  富拉尔基区  
230207  23  02  07  碾子山区  
230208  23  02  08  梅里斯达斡尔族区  
230221  23  02  21  龙江县  
230223  23  02  23  依安县  
230224  23  02  24  泰来县  
230225  23  02  25  甘南县  
230227  23  02  27  富裕县  
230229  23  02  29  克山县  
230230  23  02  30  克东县  
230231  23  02  31  拜泉县  
230281  23  02  81  讷河市  
230300  23  03  00  鸡西市  
230301  23  03  01  市辖区  
230302  23  03  02  鸡冠区  
230303  23  03  03  恒山区  
230304  23  03  04  滴道区  
230305  23  03  05  梨树区  
230306  23  03  06  城子河区  
230307  23  03  07  麻山区  
230321  23  03  21  鸡东县  
230381  23  03  81  虎林市  
230382  23  03  82  密山市  
230400  23  04  00  鹤岗市  
230401  23  04  01  市辖区  
230402  23  04  02  向阳区  
230403  23  04  03  工农区  
230404  23  04  04  南山区  
230405  23  04  05  兴安区  
230406  23  04  06  东山区  
230407  23  04  07  兴山区  
230421  23  04  21  萝北县  
230422  23  04  22  绥滨县  
230500  23  05  00  双鸭山市  
230501  23  05  01  市辖区  
230502  23  05  02  尖山区  
230503  23  05  03  岭东区  
230505  23  05  05  四方台区  
230506  23  05  06  宝山区  
230521  23  05  21  集贤县  
230522  23  05  22  友谊县  
230523  23  05  23  宝清县  
230524  23  05  24  饶河县  
230600  23  06  00  大庆市  
230601  23  06  01  市辖区  
230602  23  06  02  萨尔图区  
230603  23  06  03  龙凤区  
230604  23  06  04  让胡路区  
230605  23  06  05  红岗区  
230606  23  06  06  大同区  
230621  23  06  21  肇州县  
230622  23  06  22  肇源县  
230623  23  06  23  林甸县  
230624  23  06  24  杜尔伯特蒙古族自治县  
230700  23  07  00  伊春市  
230701  23  07  01  市辖区  
230702  23  07  02  伊春区  
230703  23  07  03  南岔区  
230704  23  07  04  友好区  
230705  23  07  05  西林区  
230706  23  07  06  翠峦区  
230707  23  07  07  新青区  
230708  23  07  08  美溪区  
230709  23  07  09  金山屯区  
230710  23  07  10  五营区  
230711  23  07  11  乌马河区  
230712  23  07  12  汤旺河区  
230713  23  07  13  带岭区  
230714  23  07  14  乌伊岭区  
230715  23  07  15  红星区  
230716  23  07  16  上甘岭区  
230722  23  07  22  嘉荫县  
230781  23  07  81  铁力市  
230800  23  08  00  佳木斯市  
230801  23  08  01  市辖区  
230803  23  08  03  向阳区  
230804  23  08  04  前进区  
230805  23  08  05  东风区  
230811  23  08  11  郊区  
230822  23  08  22  桦南县  
230826  23  08  26  桦川县  
230828  23  08  28  汤原县  
230833  23  08  33  抚远县  
230881  23  08  81  同江市  
230882  23  08  82  富锦市  
230900  23  09  00  七台河市  
230901  23  09  01  市辖区  
230902  23  09  02  新兴区  
230903  23  09  03  桃山区  
230904  23  09  04  茄子河区  
230921  23  09  21  勃利县  
231000  23  10  00  牡丹江市  
231001  23  10  01  市辖区  
231002  23  10  02  东安区  
231003  23  10  03  阳明区  
231004  23  10  04  爱民区  
231005  23  10  05  西安区  
231024  23  10  24  东宁县  
231025  23  10  25  林口县  
231081  23  10  81  绥芬河市  
231083  23  10  83  海林市  
231084  23  10  84  宁安市  
231085  23  10  85  穆棱市  
231100  23  11  00  黑河市  
231101  23  11  01  市辖区  
231102  23  11  02  爱辉区  
231121  23  11  21  嫩江县  
231123  23  11  23  逊克县  
231124  23  11  24  孙吴县  
231181  23  11  81  北安市  
231182  23  11  82  五大连池市  
231200  23  12  00  绥化市  
231201  23  12  01  市辖区  
231202  23  12  02  北林区  
231221  23  12  21  望奎县  
231222  23  12  22  兰西县  
231223  23  12  23  青冈县  
231224  23  12  24  庆安县  
231225  23  12  25  明水县  
231226  23  12  26  绥棱县  
231281  23  12  81  安达市  
231282  23  12  82  肇东市  
231283  23  12  83  海伦市  
232700  23  27  00  大兴安岭地区  
232721  23  27  21  呼玛县  
232722  23  27  22  塔河县  
232723  23  27  23  漠河县  
310000  31  00  00  上海市  
310100  31  01  00  市辖区  
310101  31  01  01  黄浦区  
310104  31  01  04  徐汇区  
310105  31  01  05  长宁区  
310106  31  01  06  静安区  
310107  31  01  07  普陀区  
310108  31  01  08  闸北区  
310109  31  01  09  虹口区  
310110  31  01  10  杨浦区  
310112  31  01  12  闵行区  
310113  31  01  13  宝山区  
310114  31  01  14  嘉定区  
310115  31  01  15  浦东新区  
310116  31  01  16  金山区  
310117  31  01  17  松江区  
310118  31  01  18  青浦区  
310120  31  01  20  奉贤区  
310200  31  02  00  县  
310230  31  02  30  崇明县  
320000  32  00  00  江苏省  
320100  32  01  00  南京市  
320101  32  01  01  市辖区  
320102  32  01  02  玄武区  
320104  32  01  04  秦淮区  
320105  32  01  05  建邺区  
320106  32  01  06  鼓楼区  
320111  32  01  11  浦口区  
320113  32  01  13  栖霞区  
320114  32  01  14  雨花台区  
320115  32  01  15  江宁区  
320116  32  01  16  六合区  
320117  32  01  17  溧水区  
320118  32  01  18  高淳区  
320200  32  02  00  无锡市  
320201  32  02  01  市辖区  
320202  32  02  02  崇安区  
320203  32  02  03  南长区  
320204  32  02  04  北塘区  
320205  32  02  05  锡山区  
320206  32  02  06  惠山区  
320211  32  02  11  滨湖区  
320281  32  02  81  江阴市  
320282  32  02  82  宜兴市  
320300  32  03  00  徐州市  
320301  32  03  01  市辖区  
320302  32  03  02  鼓楼区  
320303  32  03  03  云龙区  
320305  32  03  05  贾汪区  
320311  32  03  11  泉山区  
320312  32  03  12  铜山区  
320321  32  03  21  丰县  
320322  32  03  22  沛县  
320324  32  03  24  睢宁县  
320381  32  03  81  新沂市  
320382  32  03  82  邳州市  
320400  32  04  00  常州市  
320401  32  04  01  市辖区  
320402  32  04  02  天宁区  
320404  32  04  04  钟楼区  
320405  32  04  05  戚墅堰区  
320411  32  04  11  新北区  
320412  32  04  12  武进区  
320481  32  04  81  溧阳市  
320482  32  04  82  金坛市  
320500  32  05  00  苏州市  
320501  32  05  01  市辖区  
320505  32  05  05  虎丘区  
320506  32  05  06  吴中区  
320507  32  05  07  相城区  
320508  32  05  08  姑苏区  
320509  32  05  09  吴江区  
320581  32  05  81  常熟市  
320582  32  05  82  张家港市  
320583  32  05  83  昆山市  
320585  32  05  85  太仓市  
320600  32  06  00  南通市  
320601  32  06  01  市辖区  
320602  32  06  02  崇川区  
320611  32  06  11  港闸区  
320612  32  06  12  通州区  
320621  32  06  21  海安县  
320623  32  06  23  如东县  
320681  32  06  81  启东市  
320682  32  06  82  如皋市  
320684  32  06  84  海门市  
320700  32  07  00  连云港市  
320701  32  07  01  市辖区  
320703  32  07  03  连云区  
320705  32  07  05  新浦区  
320706  32  07  06  海州区  
320721  32  07  21  赣榆县  
320722  32  07  22  东海县  
320723  32  07  23  灌云县  
320724  32  07  24  灌南县  
320800  32  08  00  淮安市  
320801  32  08  01  市辖区  
320802  32  08  02  清河区  
320803  32  08  03  淮安区  
320804  32  08  04  淮阴区  
320811  32  08  11  清浦区  
320826  32  08  26  涟水县  
320829  32  08  29  洪泽县  
320830  32  08  30  盱眙县  
320831  32  08  31  金湖县  
320900  32  09  00  盐城市  
320901  32  09  01  市辖区  
320902  32  09  02  亭湖区  
320903  32  09  03  盐都区  
320921  32  09  21  响水县  
320922  32  09  22  滨海县  
320923  32  09  23  阜宁县  
320924  32  09  24  射阳县  
320925  32  09  25  建湖县  
320981  32  09  81  东台市  
320982  32  09  82  大丰市  
321000  32  10  00  扬州市  
321001  32  10  01  市辖区  
321002  32  10  02  广陵区  
321003  32  10  03  邗江区  
321012  32  10  12  江都区  
321023  32  10  23  宝应县  
321081  32  10  81  仪征市  
321084  32  10  84  高邮市  
321100  32  11  00  镇江市  
321101  32  11  01  市辖区  
321102  32  11  02  京口区  
321111  32  11  11  润州区  
321112  32  11  12  丹徒区  
321181  32  11  81  丹阳市  
321182  32  11  82  扬中市  
321183  32  11  83  句容市  
321200  32  12  00  泰州市  
321201  32  12  01  市辖区  
321202  32  12  02  海陵区  
321203  32  12  03  高港区  
321204  32  12  04  姜堰区  
321281  32  12  81  兴化市  
321282  32  12  82  靖江市  
321283  32  12  83  泰兴市  
321300  32  13  00  宿迁市  
321301  32  13  01  市辖区  
321302  32  13  02  宿城区  
321311  32  13  11  宿豫区  
321322  32  13  22  沭阳县  
321323  32  13  23  泗阳县  
321324  32  13  24  泗洪县  
330000  33  00  00  浙江省  
330100  33  01  00  杭州市  
330101  33  01  01  市辖区  
330102  33  01  02  上城区  
330103  33  01  03  下城区  
330104  33  01  04  江干区  
330105  33  01  05  拱墅区  
330106  33  01  06  西湖区  
330108  33  01  08  滨江区  
330109  33  01  09  萧山区  
330110  33  01  10  余杭区  
330122  33  01  22  桐庐县  
330127  33  01  27  淳安县  
330182  33  01  82  建德市  
330183  33  01  83  富阳市  
330185  33  01  85  临安市  
330200  33  02  00  宁波市  
330201  33  02  01  市辖区  
330203  33  02  03  海曙区  
330204  33  02  04  江东区  
330205  33  02  05  江北区  
330206  33  02  06  北仑区  
330211  33  02  11  镇海区  
330212  33  02  12  鄞州区  
330225  33  02  25  象山县  
330226  33  02  26  宁海县  
330281  33  02  81  余姚市  
330282  33  02  82  慈溪市  
330283  33  02  83  奉化市  
330300  33  03  00  温州市  
330301  33  03  01  市辖区  
330302  33  03  02  鹿城区  
330303  33  03  03  龙湾区  
330304  33  03  04  瓯海区  
330322  33  03  22  洞头县  
330324  33  03  24  永嘉县  
330326  33  03  26  平阳县  
330327  33  03  27  苍南县  
330328  33  03  28  文成县  
330329  33  03  29  泰顺县  
330381  33  03  81  瑞安市  
330382  33  03  82  乐清市  
330400  33  04  00  嘉兴市  
330401  33  04  01  市辖区  
330402  33  04  02  南湖区  
330411  33  04  11  秀洲区  
330421  33  04  21  嘉善县  
330424  33  04  24  海盐县  
330481  33  04  81  海宁市  
330482  33  04  82  平湖市  
330483  33  04  83  桐乡市  
330500  33  05  00  湖州市  
330501  33  05  01  市辖区  
330502  33  05  02  吴兴区  
330503  33  05  03  南浔区  
330521  33  05  21  德清县  
330522  33  05  22  长兴县  
330523  33  05  23  安吉县  
330600  33  06  00  绍兴市  
330601  33  06  01  市辖区  
330602  33  06  02  越城区  
330621  33  06  21  绍兴县  
330624  33  06  24  新昌县  
330681  33  06  81  诸暨市  
330682  33  06  82  上虞市  
330683  33  06  83  嵊州市  
330700  33  07  00  金华市  
330701  33  07  01  市辖区  
330702  33  07  02  婺城区  
330703  33  07  03  金东区  
330723  33  07  23  武义县  
330726  33  07  26  浦江县  
330727  33  07  27  磐安县  
330781  33  07  81  兰溪市  
330782  33  07  82  义乌市  
330783  33  07  83  东阳市  
330784  33  07  84  永康市  
330800  33  08  00  衢州市  
330801  33  08  01  市辖区  
330802  33  08  02  柯城区  
330803  33  08  03  衢江区  
330822  33  08  22  常山县  
330824  33  08  24  开化县  
330825  33  08  25  龙游县  
330881  33  08  81  江山市  
330900  33  09  00  舟山市  
330901  33  09  01  市辖区  
330902  33  09  02  定海区  
330903  33  09  03  普陀区  
330921  33  09  21  岱山县  
330922  33  09  22  嵊泗县  
331000  33  10  00  台州市  
331001  33  10  01  市辖区  
331002  33  10  02  椒江区  
331003  33  10  03  黄岩区  
331004  33  10  04  路桥区  
331021  33  10  21  玉环县  
331022  33  10  22  三门县  
331023  33  10  23  天台县  
331024  33  10  24  仙居县  
331081  33  10  81  温岭市  
331082  33  10  82  临海市  
331100  33  11  00  丽水市  
331101  33  11  01  市辖区  
331102  33  11  02  莲都区  
331121  33  11  21  青田县  
331122  33  11  22  缙云县  
331123  33  11  23  遂昌县  
331124  33  11  24  松阳县  
331125  33  11  25  云和县  
331126  33  11  26  庆元县  
331127  33  11  27  景宁畲族自治县  
331181  33  11  81  龙泉市  
340000  34  00  00  安徽省  
340100  34  01  00  合肥市  
340101  34  01  01  市辖区  
340102  34  01  02  瑶海区  
340103  34  01  03  庐阳区  
340104  34  01  04  蜀山区  
340111  34  01  11  包河区  
340121  34  01  21  长丰县  
340122  34  01  22  肥东县  
340123  34  01  23  肥西县  
340124  34  01  24  庐江县  
340181  34  01  81  巢湖市  
340200  34  02  00  芜湖市  
340201  34  02  01  市辖区  
340202  34  02  02  镜湖区  
340203  34  02  03  弋江区  
340207  34  02  07  鸠江区  
340208  34  02  08  三山区  
340221  34  02  21  芜湖县  
340222  34  02  22  繁昌县  
340223  34  02  23  南陵县  
340225  34  02  25  无为县  
340300  34  03  00  蚌埠市  
340301  34  03  01  市辖区  
340302  34  03  02  龙子湖区  
340303  34  03  03  蚌山区  
340304  34  03  04  禹会区  
340311  34  03  11  淮上区  
340321  34  03  21  怀远县  
340322  34  03  22  五河县  
340323  34  03  23  固镇县  
340400  34  04  00  淮南市  
340401  34  04  01  市辖区  
340402  34  04  02  大通区  
340403  34  04  03  田家庵区  
340404  34  04  04  谢家集区  
340405  34  04  05  八公山区  
340406  34  04  06  潘集区  
340421  34  04  21  凤台县  
340500  34  05  00  马鞍山市  
340501  34  05  01  市辖区  
340503  34  05  03  花山区  
340504  34  05  04  雨山区  
340506  34  05  06  博望区  
340521  34  05  21  当涂县  
340522  34  05  22  含山县  
340523  34  05  23  和县  
340600  34  06  00  淮北市  
340601  34  06  01  市辖区  
340602  34  06  02  杜集区  
340603  34  06  03  相山区  
340604  34  06  04  烈山区  
340621  34  06  21  濉溪县  
340700  34  07  00  铜陵市  
340701  34  07  01  市辖区  
340702  34  07  02  铜官山区  
340703  34  07  03  狮子山区  
340711  34  07  11  郊区  
340721  34  07  21  铜陵县  
340800  34  08  00  安庆市  
340801  34  08  01  市辖区  
340802  34  08  02  迎江区  
340803  34  08  03  大观区  
340811  34  08  11  宜秀区  
340822  34  08  22  怀宁县  
340823  34  08  23  枞阳县  
340824  34  08  24  潜山县  
340825  34  08  25  太湖县  
340826  34  08  26  宿松县  
340827  34  08  27  望江县  
340828  34  08  28  岳西县  
340881  34  08  81  桐城市  
341000  34  10  00  黄山市  
341001  34  10  01  市辖区  
341002  34  10  02  屯溪区  
341003  34  10  03  黄山区  
341004  34  10  04  徽州区  
341021  34  10  21  歙县  
341022  34  10  22  休宁县  
341023  34  10  23  黟县  
341024  34  10  24  祁门县  
341100  34  11  00  滁州市  
341101  34  11  01  市辖区  
341102  34  11  02  琅琊区  
341103  34  11  03  南谯区  
341122  34  11  22  来安县  
341124  34  11  24  全椒县  
341125  34  11  25  定远县  
341126  34  11  26  凤阳县  
341181  34  11  81  天长市  
341182  34  11  82  明光市  
341200  34  12  00  阜阳市  
341201  34  12  01  市辖区  
341202  34  12  02  颍州区  
341203  34  12  03  颍东区  
341204  34  12  04  颍泉区  
341221  34  12  21  临泉县  
341222  34  12  22  太和县  
341225  34  12  25  阜南县  
341226  34  12  26  颍上县  
341282  34  12  82  界首市  
341300  34  13  00  宿州市  
341301  34  13  01  市辖区  
341302  34  13  02  埇桥区  
341321  34  13  21  砀山县  
341322  34  13  22  萧县  
341323  34  13  23  灵璧县  
341324  34  13  24  泗县  
341500  34  15  00  六安市  
341501  34  15  01  市辖区  
341502  34  15  02  金安区  
341503  34  15  03  裕安区  
341521  34  15  21  寿县  
341522  34  15  22  霍邱县  
341523  34  15  23  舒城县  
341524  34  15  24  金寨县  
341525  34  15  25  霍山县  
341600  34  16  00  亳州市  
341601  34  16  01  市辖区  
341602  34  16  02  谯城区  
341621  34  16  21  涡阳县  
341622  34  16  22  蒙城县  
341623  34  16  23  利辛县  
341700  34  17  00  池州市  
341701  34  17  01  市辖区  
341702  34  17  02  贵池区  
341721  34  17  21  东至县  
341722  34  17  22  石台县  
341723  34  17  23  青阳县  
341800  34  18  00  宣城市  
341801  34  18  01  市辖区  
341802  34  18  02  宣州区  
341821  34  18  21  郎溪县  
341822  34  18  22  广德县  
341823  34  18  23  泾县  
341824  34  18  24  绩溪县  
341825  34  18  25  旌德县  
341881  34  18  81  宁国市  
350000  35  00  00  福建省  
350100  35  01  00  福州市  
350101  35  01  01  市辖区  
350102  35  01  02  鼓楼区  
350103  35  01  03  台江区  
350104  35  01  04  仓山区  
350105  35  01  05  马尾区  
350111  35  01  11  晋安区  
350121  35  01  21  闽侯县  
350122  35  01  22  连江县  
350123  35  01  23  罗源县  
350124  35  01  24  闽清县  
350125  35  01  25  永泰县  
350128  35  01  28  平潭县  
350181  35  01  81  福清市  
350182  35  01  82  长乐市  
350200  35  02  00  厦门市  
350201  35  02  01  市辖区  
350203  35  02  03  思明区  
350205  35  02  05  海沧区  
350206  35  02  06  湖里区  
350211  35  02  11  集美区  
350212  35  02  12  同安区  
350213  35  02  13  翔安区  
350300  35  03  00  莆田市  
350301  35  03  01  市辖区  
350302  35  03  02  城厢区  
350303  35  03  03  涵江区  
350304  35  03  04  荔城区  
350305  35  03  05  秀屿区  
350322  35  03  22  仙游县  
350400  35  04  00  三明市  
350401  35  04  01  市辖区  
350402  35  04  02  梅列区  
350403  35  04  03  三元区  
350421  35  04  21  明溪县  
350423  35  04  23  清流县  
350424  35  04  24  宁化县  
350425  35  04  25  大田县  
350426  35  04  26  尤溪县  
350427  35  04  27  沙县  
350428  35  04  28  将乐县  
350429  35  04  29  泰宁县  
350430  35  04  30  建宁县  
350481  35  04  81  永安市  
350500  35  05  00  泉州市  
350501  35  05  01  市辖区  
350502  35  05  02  鲤城区  
350503  35  05  03  丰泽区  
350504  35  05  04  洛江区  
350505  35  05  05  泉港区  
350521  35  05  21  惠安县  
350524  35  05  24  安溪县  
350525  35  05  25  永春县  
350526  35  05  26  德化县  
350527  35  05  27  金门县  
350581  35  05  81  石狮市  
350582  35  05  82  晋江市  
350583  35  05  83  南安市  
350600  35  06  00  漳州市  
350601  35  06  01  市辖区  
350602  35  06  02  芗城区  
350603  35  06  03  龙文区  
350622  35  06  22  云霄县  
350623  35  06  23  漳浦县  
350624  35  06  24  诏安县  
350625  35  06  25  长泰县  
350626  35  06  26  东山县  
350627  35  06  27  南靖县  
350628  35  06  28  平和县  
350629  35  06  29  华安县  
350681  35  06  81  龙海市  
350700  35  07  00  南平市  
350701  35  07  01  市辖区  
350702  35  07  02  延平区  
350721  35  07  21  顺昌县  
350722  35  07  22  浦城县  
350723  35  07  23  光泽县  
350724  35  07  24  松溪县  
350725  35  07  25  政和县  
350781  35  07  81  邵武市  
350782  35  07  82  武夷山市  
350783  35  07  83  建瓯市  
350784  35  07  84  建阳市  
350800  35  08  00  龙岩市  
350801  35  08  01  市辖区  
350802  35  08  02  新罗区  
350821  35  08  21  长汀县  
350822  35  08  22  永定县  
350823  35  08  23  上杭县  
350824  35  08  24  武平县  
350825  35  08  25  连城县  
350881  35  08  81  漳平市  
350900  35  09  00  宁德市  
350901  35  09  01  市辖区  
350902  35  09  02  蕉城区  
350921  35  09  21  霞浦县  
350922  35  09  22  古田县  
350923  35  09  23  屏南县  
350924  35  09  24  寿宁县  
350925  35  09  25  周宁县  
350926  35  09  26  柘荣县  
350981  35  09  81  福安市  
350982  35  09  82  福鼎市  
360000  36  00  00  江西省  
360100  36  01  00  南昌市  
360101  36  01  01  市辖区  
360102  36  01  02  东湖区  
360103  36  01  03  西湖区  
360104  36  01  04  青云谱区  
360105  36  01  05  湾里区  
360111  36  01  11  青山湖区  
360121  36  01  21  南昌县  
360122  36  01  22  新建县  
360123  36  01  23  安义县  
360124  36  01  24  进贤县  
360200  36  02  00  景德镇市  
360201  36  02  01  市辖区  
360202  36  02  02  昌江区  
360203  36  02  03  珠山区  
360222  36  02  22  浮梁县  
360281  36  02  81  乐平市  
360300  36  03  00  萍乡市  
360301  36  03  01  市辖区  
360302  36  03  02  安源区  
360313  36  03  13  湘东区  
360321  36  03  21  莲花县  
360322  36  03  22  上栗县  
360323  36  03  23  芦溪县  
360400  36  04  00  九江市  
360401  36  04  01  市辖区  
360402  36  04  02  庐山区  
360403  36  04  03  浔阳区  
360421  36  04  21  九江县  
360423  36  04  23  武宁县  
360424  36  04  24  修水县  
360425  36  04  25  永修县  
360426  36  04  26  德安县  
360427  36  04  27  星子县  
360428  36  04  28  都昌县  
360429  36  04  29  湖口县  
360430  36  04  30  彭泽县  
360481  36  04  81  瑞昌市  
360482  36  04  82  共青城市  
360500  36  05  00  新余市  
360501  36  05  01  市辖区  
360502  36  05  02  渝水区  
360521  36  05  21  分宜县  
360600  36  06  00  鹰潭市  
360601  36  06  01  市辖区  
360602  36  06  02  月湖区  
360622  36  06  22  余江县  
360681  36  06  81  贵溪市  
360700  36  07  00  赣州市  
360701  36  07  01  市辖区  
360702  36  07  02  章贡区  
360721  36  07  21  赣县  
360722  36  07  22  信丰县  
360723  36  07  23  大余县  
360724  36  07  24  上犹县  
360725  36  07  25  崇义县  
360726  36  07  26  安远县  
360727  36  07  27  龙南县  
360728  36  07  28  定南县  
360729  36  07  29  全南县  
360730  36  07  30  宁都县  
360731  36  07  31  于都县  
360732  36  07  32  兴国县  
360733  36  07  33  会昌县  
360734  36  07  34  寻乌县  
360735  36  07  35  石城县  
360781  36  07  81  瑞金市  
360782  36  07  82  南康市  
360800  36  08  00  吉安市  
360801  36  08  01  市辖区  
360802  36  08  02  吉州区  
360803  36  08  03  青原区  
360821  36  08  21  吉安县  
360822  36  08  22  吉水县  
360823  36  08  23  峡江县  
360824  36  08  24  新干县  
360825  36  08  25  永丰县  
360826  36  08  26  泰和县  
360827  36  08  27  遂川县  
360828  36  08  28  万安县  
360829  36  08  29  安福县  
360830  36  08  30  永新县  
360881  36  08  81  井冈山市  
360900  36  09  00  宜春市  
360901  36  09  01  市辖区  
360902  36  09  02  袁州区  
360921  36  09  21  奉新县  
360922  36  09  22  万载县  
360923  36  09  23  上高县  
360924  36  09  24  宜丰县  
360925  36  09  25  靖安县  
360926  36  09  26  铜鼓县  
360981  36  09  81  丰城市  
360982  36  09  82  樟树市  
360983  36  09  83  高安市  
361000  36  10  00  抚州市  
361001  36  10  01  市辖区  
361002  36  10  02  临川区  
361021  36  10  21  南城县  
361022  36  10  22  黎川县  
361023  36  10  23  南丰县  
361024  36  10  24  崇仁县  
361025  36  10  25  乐安县  
361026  36  10  26  宜黄县  
361027  36  10  27  金溪县  
361028  36  10  28  资溪县  
361029  36  10  29  东乡县  
361030  36  10  30  广昌县  
361100  36  11  00  上饶市  
361101  36  11  01  市辖区  
361102  36  11  02  信州区  
361121  36  11  21  上饶县  
361122  36  11  22  广丰县  
361123  36  11  23  玉山县  
361124  36  11  24  铅山县  
361125  36  11  25  横峰县  
361126  36  11  26  弋阳县  
361127  36  11  27  余干县  
361128  36  11  28  鄱阳县  
361129  36  11  29  万年县  
361130  36  11  30  婺源县  
361181  36  11  81  德兴市  
370000  37  00  00  山东省  
370100  37  01  00  济南市  
370101  37  01  01  市辖区  
370102  37  01  02  历下区  
370103  37  01  03  市中区  
370104  37  01  04  槐荫区  
370105  37  01  05  天桥区  
370112  37  01  12  历城区  
370113  37  01  13  长清区  
370124  37  01  24  平阴县  
370125  37  01  25  济阳县  
370126  37  01  26  商河县  
370181  37  01  81  章丘市  
370200  37  02  00  青岛市  
370201  37  02  01  市辖区  
370202  37  02  02  市南区  
370203  37  02  03  市北区  
370211  37  02  11  黄岛区  
370212  37  02  12  崂山区  
370213  37  02  13  李沧区  
370214  37  02  14  城阳区  
370281  37  02  81  胶州市  
370282  37  02  82  即墨市  
370283  37  02  83  平度市  
370285  37  02  85  莱西市  
370300  37  03  00  淄博市  
370301  37  03  01  市辖区  
370302  37  03  02  淄川区  
370303  37  03  03  张店区  
370304  37  03  04  博山区  
370305  37  03  05  临淄区  
370306  37  03  06  周村区  
370321  37  03  21  桓台县  
370322  37  03  22  高青县  
370323  37  03  23  沂源县  
370400  37  04  00  枣庄市  
370401  37  04  01  市辖区  
370402  37  04  02  市中区  
370403  37  04  03  薛城区  
370404  37  04  04  峄城区  
370405  37  04  05  台儿庄区  
370406  37  04  06  山亭区  
370481  37  04  81  滕州市  
370500  37  05  00  东营市  
370501  37  05  01  市辖区  
370502  37  05  02  东营区  
370503  37  05  03  河口区  
370521  37  05  21  垦利县  
370522  37  05  22  利津县  
370523  37  05  23  广饶县  
370600  37  06  00  烟台市  
370601  37  06  01  市辖区  
370602  37  06  02  芝罘区  
370611  37  06  11  福山区  
370612  37  06  12  牟平区  
370613  37  06  13  莱山区  
370634  37  06  34  长岛县  
370681  37  06  81  龙口市  
370682  37  06  82  莱阳市  
370683  37  06  83  莱州市  
370684  37  06  84  蓬莱市  
370685  37  06  85  招远市  
370686  37  06  86  栖霞市  
370687  37  06  87  海阳市  
370700  37  07  00  潍坊市  
370701  37  07  01  市辖区  
370702  37  07  02  潍城区  
370703  37  07  03  寒亭区  
370704  37  07  04  坊子区  
370705  37  07  05  奎文区  
370724  37  07  24  临朐县  
370725  37  07  25  昌乐县  
370781  37  07  81  青州市  
370782  37  07  82  诸城市  
370783  37  07  83  寿光市  
370784  37  07  84  安丘市  
370785  37  07  85  高密市  
370786  37  07  86  昌邑市  
370800  37  08  00  济宁市  
370801  37  08  01  市辖区  
370802  37  08  02  市中区  
370811  37  08  11  任城区  
370826  37  08  26  微山县  
370827  37  08  27  鱼台县  
370828  37  08  28  金乡县  
370829  37  08  29  嘉祥县  
370830  37  08  30  汶上县  
370831  37  08  31  泗水县  
370832  37  08  32  梁山县  
370881  37  08  81  曲阜市  
370882  37  08  82  兖州市  
370883  37  08  83  邹城市  
370900  37  09  00  泰安市  
370901  37  09  01  市辖区  
370902  37  09  02  泰山区  
370911  37  09  11  岱岳区  
370921  37  09  21  宁阳县  
370923  37  09  23  东平县  
370982  37  09  82  新泰市  
370983  37  09  83  肥城市  
371000  37  10  00  威海市  
371001  37  10  01  市辖区  
371002  37  10  02  环翠区  
371081  37  10  81  文登市  
371082  37  10  82  荣成市  
371083  37  10  83  乳山市  
371100  37  11  00  日照市  
371101  37  11  01  市辖区  
371102  37  11  02  东港区  
371103  37  11  03  岚山区  
371121  37  11  21  五莲县  
371122  37  11  22  莒县  
371200  37  12  00  莱芜市  
371201  37  12  01  市辖区  
371202  37  12  02  莱城区  
371203  37  12  03  钢城区  
371300  37  13  00  临沂市  
371301  37  13  01  市辖区  
371302  37  13  02  兰山区  
371311  37  13  11  罗庄区  
371312  37  13  12  河东区  
371321  37  13  21  沂南县  
371322  37  13  22  郯城县  
371323  37  13  23  沂水县  
371324  37  13  24  苍山县  
371325  37  13  25  费县  
371326  37  13  26  平邑县  
371327  37  13  27  莒南县  
371328  37  13  28  蒙阴县  
371329  37  13  29  临沭县  
371400  37  14  00  德州市  
371401  37  14  01  市辖区  
371402  37  14  02  德城区  
371421  37  14  21  陵县  
371422  37  14  22  宁津县  
371423  37  14  23  庆云县  
371424  37  14  24  临邑县  
371425  37  14  25  齐河县  
371426  37  14  26  平原县  
371427  37  14  27  夏津县  
371428  37  14  28  武城县  
371481  37  14  81  乐陵市  
371482  37  14  82  禹城市  
371500  37  15  00  聊城市  
371501  37  15  01  市辖区  
371502  37  15  02  东昌府区  
371521  37  15  21  阳谷县  
371522  37  15  22  莘县  
371523  37  15  23  茌平县  
371524  37  15  24  东阿县  
371525  37  15  25  冠县  
371526  37  15  26  高唐县  
371581  37  15  81  临清市  
371600  37  16  00  滨州市  
371601  37  16  01  市辖区  
371602  37  16  02  滨城区  
371621  37  16  21  惠民县  
371622  37  16  22  阳信县  
371623  37  16  23  无棣县  
371624  37  16  24  沾化县  
371625  37  16  25  博兴县  
371626  37  16  26  邹平县  
371700  37  17  00  菏泽市  
371701  37  17  01  市辖区  
371702  37  17  02  牡丹区  
371721  37  17  21  曹县  
371722  37  17  22  单县  
371723  37  17  23  成武县  
371724  37  17  24  巨野县  
371725  37  17  25  郓城县  
371726  37  17  26  鄄城县  
371727  37  17  27  定陶县  
371728  37  17  28  东明县  
410000  41  00  00  河南省  
410100  41  01  00  郑州市  
410101  41  01  01  市辖区  
410102  41  01  02  中原区  
410103  41  01  03  二七区  
410104  41  01  04  管城回族区  
410105  41  01  05  金水区  
410106  41  01  06  上街区  
410108  41  01  08  惠济区  
410122  41  01  22  中牟县  
410181  41  01  81  巩义市  
410182  41  01  82  荥阳市  
410183  41  01  83  新密市  
410184  41  01  84  新郑市  
410185  41  01  85  登封市  
410200  41  02  00  开封市  
410201  41  02  01  市辖区  
410202  41  02  02  龙亭区  
410203  41  02  03  顺河回族区  
410204  41  02  04  鼓楼区  
410205  41  02  05  禹王台区  
410211  41  02  11  金明区  
410221  41  02  21  杞县  
410222  41  02  22  通许县  
410223  41  02  23  尉氏县  
410224  41  02  24  开封县  
410225  41  02  25  兰考县  
410300  41  03  00  洛阳市  
410301  41  03  01  市辖区  
410302  41  03  02  老城区  
410303  41  03  03  西工区  
410304  41  03  04  瀍河回族区  
410305  41  03  05  涧西区  
410306  41  03  06  吉利区  
410311  41  03  11  洛龙区  
410322  41  03  22  孟津县  
410323  41  03  23  新安县  
410324  41  03  24  栾川县  
410325  41  03  25  嵩县  
410326  41  03  26  汝阳县  
410327  41  03  27  宜阳县  
410328  41  03  28  洛宁县  
410329  41  03  29  伊川县  
410381  41  03  81  偃师市  
410400  41  04  00  平顶山市  
410401  41  04  01  市辖区  
410402  41  04  02  新华区  
410403  41  04  03  卫东区  
410404  41  04  04  石龙区  
410411  41  04  11  湛河区  
410421  41  04  21  宝丰县  
410422  41  04  22  叶县  
410423  41  04  23  鲁山县  
410425  41  04  25  郏县  
410481  41  04  81  舞钢市  
410482  41  04  82  汝州市  
410500  41  05  00  安阳市  
410501  41  05  01  市辖区  
410502  41  05  02  文峰区  
410503  41  05  03  北关区  
410505  41  05  05  殷都区  
410506  41  05  06  龙安区  
410522  41  05  22  安阳县  
410523  41  05  23  汤阴县  
410526  41  05  26  滑县  
410527  41  05  27  内黄县  
410581  41  05  81  林州市  
410600  41  06  00  鹤壁市  
410601  41  06  01  市辖区  
410602  41  06  02  鹤山区  
410603  41  06  03  山城区  
410611  41  06  11  淇滨区  
410621  41  06  21  浚县  
410622  41  06  22  淇县  
410700  41  07  00  新乡市  
410701  41  07  01  市辖区  
410702  41  07  02  红旗区  
410703  41  07  03  卫滨区  
410704  41  07  04  凤泉区  
410711  41  07  11  牧野区  
410721  41  07  21  新乡县  
410724  41  07  24  获嘉县  
410725  41  07  25  原阳县  
410726  41  07  26  延津县  
410727  41  07  27  封丘县  
410728  41  07  28  长垣县  
410781  41  07  81  卫辉市  
410782  41  07  82  辉县市  
410800  41  08  00  焦作市  
410801  41  08  01  市辖区  
410802  41  08  02  解放区  
410803  41  08  03  中站区  
410804  41  08  04  马村区  
410811  41  08  11  山阳区  
410821  41  08  21  修武县  
410822  41  08  22  博爱县  
410823  41  08  23  武陟县  
410825  41  08  25  温县  
410882  41  08  82  沁阳市  
410883  41  08  83  孟州市  
410900  41  09  00  濮阳市  
410901  41  09  01  市辖区  
410902  41  09  02  华龙区  
410922  41  09  22  清丰县  
410923  41  09  23  南乐县  
410926  41  09  26  范县  
410927  41  09  27  台前县  
410928  41  09  28  濮阳县  
411000  41  10  00  许昌市  
411001  41  10  01  市辖区  
411002  41  10  02  魏都区  
411023  41  10  23  许昌县  
411024  41  10  24  鄢陵县  
411025  41  10  25  襄城县  
411081  41  10  81  禹州市  
411082  41  10  82  长葛市  
411100  41  11  00  漯河市  
411101  41  11  01  市辖区  
411102  41  11  02  源汇区  
411103  41  11  03  郾城区  
411104  41  11  04  召陵区  
411121  41  11  21  舞阳县  
411122  41  11  22  临颍县  
411200  41  12  00  三门峡市  
411201  41  12  01  市辖区  
411202  41  12  02  湖滨区  
411221  41  12  21  渑池县  
411222  41  12  22  陕县  
411224  41  12  24  卢氏县  
411281  41  12  81  义马市  
411282  41  12  82  灵宝市  
411300  41  13  00  南阳市  
411301  41  13  01  市辖区  
411302  41  13  02  宛城区  
411303  41  13  03  卧龙区  
411321  41  13  21  南召县  
411322  41  13  22  方城县  
411323  41  13  23  西峡县  
411324  41  13  24  镇平县  
411325  41  13  25  内乡县  
411326  41  13  26  淅川县  
411327  41  13  27  社旗县  
411328  41  13  28  唐河县  
411329  41  13  29  新野县  
411330  41  13  30  桐柏县  
411381  41  13  81  邓州市  
411400  41  14  00  商丘市  
411401  41  14  01  市辖区  
411402  41  14  02  梁园区  
411403  41  14  03  睢阳区  
411421  41  14  21  民权县  
411422  41  14  22  睢县  
411423  41  14  23  宁陵县  
411424  41  14  24  柘城县  
411425  41  14  25  虞城县  
411426  41  14  26  夏邑县  
411481  41  14  81  永城市  
411500  41  15  00  信阳市  
411501  41  15  01  市辖区  
411502  41  15  02  浉河区  
411503  41  15  03  平桥区  
411521  41  15  21  罗山县  
411522  41  15  22  光山县  
411523  41  15  23  新县  
411524  41  15  24  商城县  
411525  41  15  25  固始县  
411526  41  15  26  潢川县  
411527  41  15  27  淮滨县  
411528  41  15  28  息县  
411600  41  16  00  周口市  
411601  41  16  01  市辖区  
411602  41  16  02  川汇区  
411621  41  16  21  扶沟县  
411622  41  16  22  西华县  
411623  41  16  23  商水县  
411624  41  16  24  沈丘县  
411625  41  16  25  郸城县  
411626  41  16  26  淮阳县  
411627  41  16  27  太康县  
411628  41  16  28  鹿邑县  
411681  41  16  81  项城市  
411700  41  17  00  驻马店市  
411701  41  17  01  市辖区  
411702  41  17  02  驿城区  
411721  41  17  21  西平县  
411722  41  17  22  上蔡县  
411723  41  17  23  平舆县  
411724  41  17  24  正阳县  
411725  41  17  25  确山县  
411726  41  17  26  泌阳县  
411727  41  17  27  汝南县  
411728  41  17  28  遂平县  
411729  41  17  29  新蔡县  
419000  41  90  00  省直辖县级行政区划  
419001  41  90  01  济源市  
420000  42  00  00  湖北省  
420100  42  01  00  武汉市  
420101  42  01  01  市辖区  
420102  42  01  02  江岸区  
420103  42  01  03  江汉区  
420104  42  01  04  硚口区  
420105  42  01  05  汉阳区  
420106  42  01  06  武昌区  
420107  42  01  07  青山区  
420111  42  01  11  洪山区  
420112  42  01  12  东西湖区  
420113  42  01  13  汉南区  
420114  42  01  14  蔡甸区  
420115  42  01  15  江夏区  
420116  42  01  16  黄陂区  
420117  42  01  17  新洲区  
420200  42  02  00  黄石市  
420201  42  02  01  市辖区  
420202  42  02  02  黄石港区  
420203  42  02  03  西塞山区  
420204  42  02  04  下陆区  
420205  42  02  05  铁山区  
420222  42  02  22  阳新县  
420281  42  02  81  大冶市  
420300  42  03  00  十堰市  
420301  42  03  01  市辖区  
420302  42  03  02  茅箭区  
420303  42  03  03  张湾区  
420321  42  03  21  郧县  
420322  42  03  22  郧西县  
420323  42  03  23  竹山县  
420324  42  03  24  竹溪县  
420325  42  03  25  房县  
420381  42  03  81  丹江口市  
420500  42  05  00  宜昌市  
420501  42  05  01  市辖区  
420502  42  05  02  西陵区  
420503  42  05  03  伍家岗区  
420504  42  05  04  点军区  
420505  42  05  05  猇亭区  
420506  42  05  06  夷陵区  
420525  42  05  25  远安县  
420526  42  05  26  兴山县  
420527  42  05  27  秭归县  
420528  42  05  28  长阳土家族自治县  
420529  42  05  29  五峰土家族自治县  
420581  42  05  81  宜都市  
420582  42  05  82  当阳市  
420583  42  05  83  枝江市  
420600  42  06  00  襄阳市  
420601  42  06  01  市辖区  
420602  42  06  02  襄城区  
420606  42  06  06  樊城区  
420607  42  06  07  襄州区  
420624  42  06  24  南漳县  
420625  42  06  25  谷城县  
420626  42  06  26  保康县  
420682  42  06  82  老河口市  
420683  42  06  83  枣阳市  
420684  42  06  84  宜城市  
420700  42  07  00  鄂州市  
420701  42  07  01  市辖区  
420702  42  07  02  梁子湖区  
420703  42  07  03  华容区  
420704  42  07  04  鄂城区  
420800  42  08  00  荆门市  
420801  42  08  01  市辖区  
420802  42  08  02  东宝区  
420804  42  08  04  掇刀区  
420821  42  08  21  京山县  
420822  42  08  22  沙洋县  
420881  42  08  81  钟祥市  
420900  42  09  00  孝感市  
420901  42  09  01  市辖区  
420902  42  09  02  孝南区  
420921  42  09  21  孝昌县  
420922  42  09  22  大悟县  
420923  42  09  23  云梦县  
420981  42  09  81  应城市  
420982  42  09  82  安陆市  
420984  42  09  84  汉川市  
421000  42  10  00  荆州市  
421001  42  10  01  市辖区  
421002  42  10  02  沙市区  
421003  42  10  03  荆州区  
421022  42  10  22  公安县  
421023  42  10  23  监利县  
421024  42  10  24  江陵县  
421081  42  10  81  石首市  
421083  42  10  83  洪湖市  
421087  42  10  87  松滋市  
421100  42  11  00  黄冈市  
421101  42  11  01  市辖区  
421102  42  11  02  黄州区  
421121  42  11  21  团风县  
421122  42  11  22  红安县  
421123  42  11  23  罗田县  
421124  42  11  24  英山县  
421125  42  11  25  浠水县  
421126  42  11  26  蕲春县  
421127  42  11  27  黄梅县  
421181  42  11  81  麻城市  
421182  42  11  82  武穴市  
421200  42  12  00  咸宁市  
421201  42  12  01  市辖区  
421202  42  12  02  咸安区  
421221  42  12  21  嘉鱼县  
421222  42  12  22  通城县  
421223  42  12  23  崇阳县  
421224  42  12  24  通山县  
421281  42  12  81  赤壁市  
421300  42  13  00  随州市  
421301  42  13  01  市辖区  
421303  42  13  03  曾都区  
421321  42  13  21  随县  
421381  42  13  81  广水市  
422800  42  28  00  恩施土家族苗族自治州  
422801  42  28  01  恩施市  
422802  42  28  02  利川市  
422822  42  28  22  建始县  
422823  42  28  23  巴东县  
422825  42  28  25  宣恩县  
422826  42  28  26  咸丰县  
422827  42  28  27  来凤县  
422828  42  28  28  鹤峰县  
429000  42  90  00  省直辖县级行政区划  
429004  42  90  04  仙桃市  
429005  42  90  05  潜江市  
429006  42  90  06  天门市  
429021  42  90  21  神农架林区  
430000  43  00  00  湖南省  
430100  43  01  00  长沙市  
430101  43  01  01  市辖区  
430102  43  01  02  芙蓉区  
430103  43  01  03  天心区  
430104  43  01  04  岳麓区  
430105  43  01  05  开福区  
430111  43  01  11  雨花区  
430112  43  01  12  望城区  
430121  43  01  21  长沙县  
430124  43  01  24  宁乡县  
430181  43  01  81  浏阳市  
430200  43  02  00  株洲市  
430201  43  02  01  市辖区  
430202  43  02  02  荷塘区  
430203  43  02  03  芦淞区  
430204  43  02  04  石峰区  
430211  43  02  11  天元区  
430221  43  02  21  株洲县  
430223  43  02  23  攸县  
430224  43  02  24  茶陵县  
430225  43  02  25  炎陵县  
430281  43  02  81  醴陵市  
430300  43  03  00  湘潭市  
430301  43  03  01  市辖区  
430302  43  03  02  雨湖区  
430304  43  03  04  岳塘区  
430321  43  03  21  湘潭县  
430381  43  03  81  湘乡市  
430382  43  03  82  韶山市  
430400  43  04  00  衡阳市  
430401  43  04  01  市辖区  
430405  43  04  05  珠晖区  
430406  43  04  06  雁峰区  
430407  43  04  07  石鼓区  
430408  43  04  08  蒸湘区  
430412  43  04  12  南岳区  
430421  43  04  21  衡阳县  
430422  43  04  22  衡南县  
430423  43  04  23  衡山县  
430424  43  04  24  衡东县  
430426  43  04  26  祁东县  
430481  43  04  81  耒阳市  
430482  43  04  82  常宁市  
430500  43  05  00  邵阳市  
430501  43  05  01  市辖区  
430502  43  05  02  双清区  
430503  43  05  03  大祥区  
430511  43  05  11  北塔区  
430521  43  05  21  邵东县  
430522  43  05  22  新邵县  
430523  43  05  23  邵阳县  
430524  43  05  24  隆回县  
430525  43  05  25  洞口县  
430527  43  05  27  绥宁县  
430528  43  05  28  新宁县  
430529  43  05  29  城步苗族自治县  
430581  43  05  81  武冈市  
430600  43  06  00  岳阳市  
430601  43  06  01  市辖区  
430602  43  06  02  岳阳楼区  
430603  43  06  03  云溪区  
430611  43  06  11  君山区  
430621  43  06  21  岳阳县  
430623  43  06  23  华容县  
430624  43  06  24  湘阴县  
430626  43  06  26  平江县  
430681  43  06  81  汨罗市  
430682  43  06  82  临湘市  
430700  43  07  00  常德市  
430701  43  07  01  市辖区  
430702  43  07  02  武陵区  
430703  43  07  03  鼎城区  
430721  43  07  21  安乡县  
430722  43  07  22  汉寿县  
430723  43  07  23  澧县  
430724  43  07  24  临澧县  
430725  43  07  25  桃源县  
430726  43  07  26  石门县  
430781  43  07  81  津市市  
430800  43  08  00  张家界市  
430801  43  08  01  市辖区  
430802  43  08  02  永定区  
430811  43  08  11  武陵源区  
430821  43  08  21  慈利县  
430822  43  08  22  桑植县  
430900  43  09  00  益阳市  
430901  43  09  01  市辖区  
430902  43  09  02  资阳区  
430903  43  09  03  赫山区  
430921  43  09  21  南县  
430922  43  09  22  桃江县  
430923  43  09  23  安化县  
430981  43  09  81  沅江市  
431000  43  10  00  郴州市  
431001  43  10  01  市辖区  
431002  43  10  02  北湖区  
431003  43  10  03  苏仙区  
431021  43  10  21  桂阳县  
431022  43  10  22  宜章县  
431023  43  10  23  永兴县  
431024  43  10  24  嘉禾县  
431025  43  10  25  临武县  
431026  43  10  26  汝城县  
431027  43  10  27  桂东县  
431028  43  10  28  安仁县  
431081  43  10  81  资兴市  
431100  43  11  00  永州市  
431101  43  11  01  市辖区  
431102  43  11  02  零陵区  
431103  43  11  03  冷水滩区  
431121  43  11  21  祁阳县  
431122  43  11  22  东安县  
431123  43  11  23  双牌县  
431124  43  11  24  道县  
431125  43  11  25  江永县  
431126  43  11  26  宁远县  
431127  43  11  27  蓝山县  
431128  43  11  28  新田县  
431129  43  11  29  江华瑶族自治县  
431200  43  12  00  怀化市  
431201  43  12  01  市辖区  
431202  43  12  02  鹤城区  
431221  43  12  21  中方县  
431222  43  12  22  沅陵县  
431223  43  12  23  辰溪县  
431224  43  12  24  溆浦县  
431225  43  12  25  会同县  
431226  43  12  26  麻阳苗族自治县  
431227  43  12  27  新晃侗族自治县  
431228  43  12  28  芷江侗族自治县  
431229  43  12  29  靖州苗族侗族自治县  
431230  43  12  30  通道侗族自治县  
431281  43  12  81  洪江市  
431300  43  13  00  娄底市  
431301  43  13  01  市辖区  
431302  43  13  02  娄星区  
431321  43  13  21  双峰县  
431322  43  13  22  新化县  
431381  43  13  81  冷水江市  
431382  43  13  82  涟源市  
433100  43  31  00  湘西土家族苗族自治州  
433101  43  31  01  吉首市  
433122  43  31  22  泸溪县  
433123  43  31  23  凤凰县  
433124  43  31  24  花垣县  
433125  43  31  25  保靖县  
433126  43  31  26  古丈县  
433127  43  31  27  永顺县  
433130  43  31  30  龙山县  
440000  44  00  00  广东省  
440100  44  01  00  广州市  
440101  44  01  01  市辖区  
440103  44  01  03  荔湾区  
440104  44  01  04  越秀区  
440105  44  01  05  海珠区  
440106  44  01  06  天河区  
440111  44  01  11  白云区  
440112  44  01  12  黄埔区  
440113  44  01  13  番禺区  
440114  44  01  14  花都区  
440115  44  01  15  南沙区  
440116  44  01  16  萝岗区  
440183  44  01  83  增城市  
440184  44  01  84  从化市  
440200  44  02  00  韶关市  
440201  44  02  01  市辖区  
440203  44  02  03  武江区  
440204  44  02  04  浈江区  
440205  44  02  05  曲江区  
440222  44  02  22  始兴县  
440224  44  02  24  仁化县  
440229  44  02  29  翁源县  
440232  44  02  32  乳源瑶族自治县  
440233  44  02  33  新丰县  
440281  44  02  81  乐昌市  
440282  44  02  82  南雄市  
440300  44  03  00  深圳市  
440301  44  03  01  市辖区  
440303  44  03  03  罗湖区  
440304  44  03  04  福田区  
440305  44  03  05  南山区  
440306  44  03  06  宝安区  
440307  44  03  07  龙岗区  
440308  44  03  08  盐田区  
440400  44  04  00  珠海市  
440401  44  04  01  市辖区  
440402  44  04  02  香洲区  
440403  44  04  03  斗门区  
440404  44  04  04  金湾区  
440500  44  05  00  汕头市  
440501  44  05  01  市辖区  
440507  44  05  07  龙湖区  
440511  44  05  11  金平区  
440512  44  05  12  濠江区  
440513  44  05  13  潮阳区  
440514  44  05  14  潮南区  
440515  44  05  15  澄海区  
440523  44  05  23  南澳县  
440600  44  06  00  佛山市  
440601  44  06  01  市辖区  
440604  44  06  04  禅城区  
440605  44  06  05  南海区  
440606  44  06  06  顺德区  
440607  44  06  07  三水区  
440608  44  06  08  高明区  
440700  44  07  00  江门市  
440701  44  07  01  市辖区  
440703  44  07  03  蓬江区  
440704  44  07  04  江海区  
440705  44  07  05  新会区  
440781  44  07  81  台山市  
440783  44  07  83  开平市  
440784  44  07  84  鹤山市  
440785  44  07  85  恩平市  
440800  44  08  00  湛江市  
440801  44  08  01  市辖区  
440802  44  08  02  赤坎区  
440803  44  08  03  霞山区  
440804  44  08  04  坡头区  
440811  44  08  11  麻章区  
440823  44  08  23  遂溪县  
440825  44  08  25  徐闻县  
440881  44  08  81  廉江市  
440882  44  08  82  雷州市  
440883  44  08  83  吴川市  
440900  44  09  00  茂名市  
440901  44  09  01  市辖区  
440902  44  09  02  茂南区  
440903  44  09  03  茂港区  
440923  44  09  23  电白县  
440981  44  09  81  高州市  
440982  44  09  82  化州市  
440983  44  09  83  信宜市  
441200  44  12  00  肇庆市  
441201  44  12  01  市辖区  
441202  44  12  02  端州区  
441203  44  12  03  鼎湖区  
441223  44  12  23  广宁县  
441224  44  12  24  怀集县  
441225  44  12  25  封开县  
441226  44  12  26  德庆县  
441283  44  12  83  高要市  
441284  44  12  84  四会市  
441300  44  13  00  惠州市  
441301  44  13  01  市辖区  
441302  44  13  02  惠城区  
441303  44  13  03  惠阳区  
441322  44  13  22  博罗县  
441323  44  13  23  惠东县  
441324  44  13  24  龙门县  
441400  44  14  00  梅州市  
441401  44  14  01  市辖区  
441402  44  14  02  梅江区  
441421  44  14  21  梅县  
441422  44  14  22  大埔县  
441423  44  14  23  丰顺县  
441424  44  14  24  五华县  
441426  44  14  26  平远县  
441427  44  14  27  蕉岭县  
441481  44  14  81  兴宁市  
441500  44  15  00  汕尾市  
441501  44  15  01  市辖区  
441502  44  15  02  城区  
441521  44  15  21  海丰县  
441523  44  15  23  陆河县  
441581  44  15  81  陆丰市  
441600  44  16  00  河源市  
441601  44  16  01  市辖区  
441602  44  16  02  源城区  
441621  44  16  21  紫金县  
441622  44  16  22  龙川县  
441623  44  16  23  连平县  
441624  44  16  24  和平县  
441625  44  16  25  东源县  
441700  44  17  00  阳江市  
441701  44  17  01  市辖区  
441702  44  17  02  江城区  
441721  44  17  21  阳西县  
441723  44  17  23  阳东县  
441781  44  17  81  阳春市  
441800  44  18  00  清远市  
441801  44  18  01  市辖区  
441802  44  18  02  清城区  
441803  44  18  03  清新区  
441821  44  18  21  佛冈县  
441823  44  18  23  阳山县  
441825  44  18  25  连山壮族瑶族自治县  
441826  44  18  26  连南瑶族自治县  
441881  44  18  81  英德市  
441882  44  18  82  连州市  
441900  44  19  00  东莞市  
442000  44  20  00  中山市  
445100  44  51  00  潮州市  
445101  44  51  01  市辖区  
445102  44  51  02  湘桥区  
445103  44  51  03  潮安区  
445122  44  51  22  饶平县  
445200  44  52  00  揭阳市  
445201  44  52  01  市辖区  
445202  44  52  02  榕城区  
445203  44  52  03  揭东区  
445222  44  52  22  揭西县  
445224  44  52  24  惠来县  
445281  44  52  81  普宁市  
445300  44  53  00  云浮市  
445301  44  53  01  市辖区  
445302  44  53  02  云城区  
445321  44  53  21  新兴县  
445322  44  53  22  郁南县  
445323  44  53  23  云安县  
445381  44  53  81  罗定市  
450000  45  00  00  广西壮族自治区  
450100  45  01  00  南宁市  
450101  45  01  01  市辖区  
450102  45  01  02  兴宁区  
450103  45  01  03  青秀区  
450105  45  01  05  江南区  
450107  45  01  07  西乡塘区  
450108  45  01  08  良庆区  
450109  45  01  09  邕宁区  
450122  45  01  22  武鸣县  
450123  45  01  23  隆安县  
450124  45  01  24  马山县  
450125  45  01  25  上林县  
450126  45  01  26  宾阳县  
450127  45  01  27  横县  
450200  45  02  00  柳州市  
450201  45  02  01  市辖区  
450202  45  02  02  城中区  
450203  45  02  03  鱼峰区  
450204  45  02  04  柳南区  
450205  45  02  05  柳北区  
450221  45  02  21  柳江县  
450222  45  02  22  柳城县  
450223  45  02  23  鹿寨县  
450224  45  02  24  融安县  
450225  45  02  25  融水苗族自治县  
450226  45  02  26  三江侗族自治县  
450300  45  03  00  桂林市  
450301  45  03  01  市辖区  
450302  45  03  02  秀峰区  
450303  45  03  03  叠彩区  
450304  45  03  04  象山区  
450305  45  03  05  七星区  
450311  45  03  11  雁山区  
450312  45  03  12  临桂区  
450321  45  03  21  阳朔县  
450323  45  03  23  灵川县  
450324  45  03  24  全州县  
450325  45  03  25  兴安县  
450326  45  03  26  永福县  
450327  45  03  27  灌阳县  
450328  45  03  28  龙胜各族自治县  
450329  45  03  29  资源县  
450330  45  03  30  平乐县  
450331  45  03  31  荔浦县  
450332  45  03  32  恭城瑶族自治县  
450400  45  04  00  梧州市  
450401  45  04  01  市辖区  
450403  45  04  03  万秀区  
450405  45  04  05  长洲区  
450406  45  04  06  龙圩区  
450421  45  04  21  苍梧县  
450422  45  04  22  藤县  
450423  45  04  23  蒙山县  
450481  45  04  81  岑溪市  
450500  45  05  00  北海市  
450501  45  05  01  市辖区  
450502  45  05  02  海城区  
450503  45  05  03  银海区  
450512  45  05  12  铁山港区  
450521  45  05  21  合浦县  
450600  45  06  00  防城港市  
450601  45  06  01  市辖区  
450602  45  06  02  港口区  
450603  45  06  03  防城区  
450621  45  06  21  上思县  
450681  45  06  81  东兴市  
450700  45  07  00  钦州市  
450701  45  07  01  市辖区  
450702  45  07  02  钦南区  
450703  45  07  03  钦北区  
450721  45  07  21  灵山县  
450722  45  07  22  浦北县  
450800  45  08  00  贵港市  
450801  45  08  01  市辖区  
450802  45  08  02  港北区  
450803  45  08  03  港南区  
450804  45  08  04  覃塘区  
450821  45  08  21  平南县  
450881  45  08  81  桂平市  
450900  45  09  00  玉林市  
450901  45  09  01  市辖区  
450902  45  09  02  玉州区  
450903  45  09  03  福绵区  
450921  45  09  21  容县  
450922  45  09  22  陆川县  
450923  45  09  23  博白县  
450924  45  09  24  兴业县  
450981  45  09  81  北流市  
451000  45  10  00  百色市  
451001  45  10  01  市辖区  
451002  45  10  02  右江区  
451021  45  10  21  田阳县  
451022  45  10  22  田东县  
451023  45  10  23  平果县  
451024  45  10  24  德保县  
451025  45  10  25  靖西县  
451026  45  10  26  那坡县  
451027  45  10  27  凌云县  
451028  45  10  28  乐业县  
451029  45  10  29  田林县  
451030  45  10  30  西林县  
451031  45  10  31  隆林各族自治县  
451100  45  11  00  贺州市  
451101  45  11  01  市辖区  
451102  45  11  02  八步区  
451121  45  11  21  昭平县  
451122  45  11  22  钟山县  
451123  45  11  23  富川瑶族自治县  
451200  45  12  00  河池市  
451201  45  12  01  市辖区  
451202  45  12  02  金城江区  
451221  45  12  21  南丹县  
451222  45  12  22  天峨县  
451223  45  12  23  凤山县  
451224  45  12  24  东兰县  
451225  45  12  25  罗城仫佬族自治县  
451226  45  12  26  环江毛南族自治县  
451227  45  12  27  巴马瑶族自治县  
451228  45  12  28  都安瑶族自治县  
451229  45  12  29  大化瑶族自治县  
451281  45  12  81  宜州市  
451300  45  13  00  来宾市  
451301  45  13  01  市辖区  
451302  45  13  02  兴宾区  
451321  45  13  21  忻城县  
451322  45  13  22  象州县  
451323  45  13  23  武宣县  
451324  45  13  24  金秀瑶族自治县  
451381  45  13  81  合山市  
451400  45  14  00  崇左市  
451401  45  14  01  市辖区  
451402  45  14  02  江州区  
451421  45  14  21  扶绥县  
451422  45  14  22  宁明县  
451423  45  14  23  龙州县  
451424  45  14  24  大新县  
451425  45  14  25  天等县  
451481  45  14  81  凭祥市  
460000  46  00  00  海南省  
460100  46  01  00  海口市  
460101  46  01  01  市辖区  
460105  46  01  05  秀英区  
460106  46  01  06  龙华区  
460107  46  01  07  琼山区  
460108  46  01  08  美兰区  
460200  46  02  00  三亚市  
460201  46  02  01  市辖区  
460300  46  03  00  三沙市  
460321  46  03  21  西沙群岛  
460322  46  03  22  南沙群岛  
460323  46  03  23  中沙群岛的岛礁及其海域  
469000  46  90  00  省直辖县级行政区划  
469001  46  90  01  五指山市  
469002  46  90  02  琼海市  
469003  46  90  03  儋州市  
469005  46  90  05  文昌市  
469006  46  90  06  万宁市  
469007  46  90  07  东方市  
469021  46  90  21  定安县  
469022  46  90  22  屯昌县  
469023  46  90  23  澄迈县  
469024  46  90  24  临高县  
469025  46  90  25  白沙黎族自治县  
469026  46  90  26  昌江黎族自治县  
469027  46  90  27  乐东黎族自治县  
469028  46  90  28  陵水黎族自治县  
469029  46  90  29  保亭黎族苗族自治县  
469030  46  90  30  琼中黎族苗族自治县  
500000  50  00  00  重庆市  
500100  50  01  00  市辖区  
500101  50  01  01  万州区  
500102  50  01  02  涪陵区  
500103  50  01  03  渝中区  
500104  50  01  04  大渡口区  
500105  50  01  05  江北区  
500106  50  01  06  沙坪坝区  
500107  50  01  07  九龙坡区  
500108  50  01  08  南岸区  
500109  50  01  09  北碚区  
500110  50  01  10  綦江区  
500111  50  01  11  大足区  
500112  50  01  12  渝北区  
500113  50  01  13  巴南区  
500114  50  01  14  黔江区  
500115  50  01  15  长寿区  
500116  50  01  16  江津区  
500117  50  01  17  合川区  
500118  50  01  18  永川区  
500119  50  01  19  南川区  
500200  50  02  00  县  
500223  50  02  23  潼南县  
500224  50  02  24  铜梁县  
500226  50  02  26  荣昌县  
500227  50  02  27  璧山县  
500228  50  02  28  梁平县  
500229  50  02  29  城口县  
500230  50  02  30  丰都县  
500231  50  02  31  垫江县  
500232  50  02  32  武隆县  
500233  50  02  33  忠县  
500234  50  02  34  开县  
500235  50  02  35  云阳县  
500236  50  02  36  奉节县  
500237  50  02  37  巫山县  
500238  50  02  38  巫溪县  
500240  50  02  40  石柱土家族自治县  
500241  50  02  41  秀山土家族苗族自治县  
500242  50  02  42  酉阳土家族苗族自治县  
500243  50  02  43  彭水苗族土家族自治县  
510000  51  00  00  四川省  
510100  51  01  00  成都市  
510101  51  01  01  市辖区  
510104  51  01  04  锦江区  
510105  51  01  05  青羊区  
510106  51  01  06  金牛区  
510107  51  01  07  武侯区  
510108  51  01  08  成华区  
510112  51  01  12  龙泉驿区  
510113  51  01  13  青白江区  
510114  51  01  14  新都区  
510115  51  01  15  温江区  
510121  51  01  21  金堂县  
510122  51  01  22  双流县  
510124  51  01  24  郫县  
510129  51  01  29  大邑县  
510131  51  01  31  蒲江县  
510132  51  01  32  新津县  
510181  51  01  81  都江堰市  
510182  51  01  82  彭州市  
510183  51  01  83  邛崃市  
510184  51  01  84  崇州市  
510300  51  03  00  自贡市  
510301  51  03  01  市辖区  
510302  51  03  02  自流井区  
510303  51  03  03  贡井区  
510304  51  03  04  大安区  
510311  51  03  11  沿滩区  
510321  51  03  21  荣县  
510322  51  03  22  富顺县  
510400  51  04  00  攀枝花市  
510401  51  04  01  市辖区  
510402  51  04  02  东区  
510403  51  04  03  西区  
510411  51  04  11  仁和区  
510421  51  04  21  米易县  
510422  51  04  22  盐边县  
510500  51  05  00  泸州市  
510501  51  05  01  市辖区  
510502  51  05  02  江阳区  
510503  51  05  03  纳溪区  
510504  51  05  04  龙马潭区  
510521  51  05  21  泸县  
510522  51  05  22  合江县  
510524  51  05  24  叙永县  
510525  51  05  25  古蔺县  
510600  51  06  00  德阳市  
510601  51  06  01  市辖区  
510603  51  06  03  旌阳区  
510623  51  06  23  中江县  
510626  51  06  26  罗江县  
510681  51  06  81  广汉市  
510682  51  06  82  什邡市  
510683  51  06  83  绵竹市  
510700  51  07  00  绵阳市  
510701  51  07  01  市辖区  
510703  51  07  03  涪城区  
510704  51  07  04  游仙区  
510722  51  07  22  三台县  
510723  51  07  23  盐亭县  
510724  51  07  24  安县  
510725  51  07  25  梓潼县  
510726  51  07  26  北川羌族自治县  
510727  51  07  27  平武县  
510781  51  07  81  江油市  
510800  51  08  00  广元市  
510801  51  08  01  市辖区  
510802  51  08  02  利州区  
510811  51  08  11  元坝区  
510812  51  08  12  朝天区  
510821  51  08  21  旺苍县  
510822  51  08  22  青川县  
510823  51  08  23  剑阁县  
510824  51  08  24  苍溪县  
510900  51  09  00  遂宁市  
510901  51  09  01  市辖区  
510903  51  09  03  船山区  
510904  51  09  04  安居区  
510921  51  09  21  蓬溪县  
510922  51  09  22  射洪县  
510923  51  09  23  大英县  
511000  51  10  00  内江市  
511001  51  10  01  市辖区  
511002  51  10  02  市中区  
511011  51  10  11  东兴区  
511024  51  10  24  威远县  
511025  51  10  25  资中县  
511028  51  10  28  隆昌县  
511100  51  11  00  乐山市  
511101  51  11  01  市辖区  
511102  51  11  02  市中区  
511111  51  11  11  沙湾区  
511112  51  11  12  五通桥区  
511113  51  11  13  金口河区  
511123  51  11  23  犍为县  
511124  51  11  24  井研县  
511126  51  11  26  夹江县  
511129  51  11  29  沐川县  
511132  51  11  32  峨边彝族自治县  
511133  51  11  33  马边彝族自治县  
511181  51  11  81  峨眉山市  
511300  51  13  00  南充市  
511301  51  13  01  市辖区  
511302  51  13  02  顺庆区  
511303  51  13  03  高坪区  
511304  51  13  04  嘉陵区  
511321  51  13  21  南部县  
511322  51  13  22  营山县  
511323  51  13  23  蓬安县  
511324  51  13  24  仪陇县  
511325  51  13  25  西充县  
511381  51  13  81  阆中市  
511400  51  14  00  眉山市  
511401  51  14  01  市辖区  
511402  51  14  02  东坡区  
511421  51  14  21  仁寿县  
511422  51  14  22  彭山县  
511423  51  14  23  洪雅县  
511424  51  14  24  丹棱县  
511425  51  14  25  青神县  
511500  51  15  00  宜宾市  
511501  51  15  01  市辖区  
511502  51  15  02  翠屏区  
511503  51  15  03  南溪区  
511521  51  15  21  宜宾县  
511523  51  15  23  江安县  
511524  51  15  24  长宁县  
511525  51  15  25  高县  
511526  51  15  26  珙县  
511527  51  15  27  筠连县  
511528  51  15  28  兴文县  
511529  51  15  29  屏山县  
511600  51  16  00  广安市  
511601  51  16  01  市辖区  
511602  51  16  02  广安区  
511603  51  16  03  前锋区  
511621  51  16  21  岳池县  
511622  51  16  22  武胜县  
511623  51  16  23  邻水县  
511681  51  16  81  华蓥市  
511700  51  17  00  达州市  
511701  51  17  01  市辖区  
511702  51  17  02  通川区  
511703  51  17  03  达川区  
511722  51  17  22  宣汉县  
511723  51  17  23  开江县  
511724  51  17  24  大竹县  
511725  51  17  25  渠县  
511781  51  17  81  万源市  
511800  51  18  00  雅安市  
511801  51  18  01  市辖区  
511802  51  18  02  雨城区  
511803  51  18  03  名山区  
511822  51  18  22  荥经县  
511823  51  18  23  汉源县  
511824  51  18  24  石棉县  
511825  51  18  25  天全县  
511826  51  18  26  芦山县  
511827  51  18  27  宝兴县  
511900  51  19  00  巴中市  
511901  51  19  01  市辖区  
511902  51  19  02  巴州区  
511903  51  19  03  恩阳区  
511921  51  19  21  通江县  
511922  51  19  22  南江县  
511923  51  19  23  平昌县  
512000  51  20  00  资阳市  
512001  51  20  01  市辖区  
512002  51  20  02  雁江区  
512021  51  20  21  安岳县  
512022  51  20  22  乐至县  
512081  51  20  81  简阳市  
513200  51  32  00  阿坝藏族羌族自治州  
513221  51  32  21  汶川县  
513222  51  32  22  理县  
513223  51  32  23  茂县  
513224  51  32  24  松潘县  
513225  51  32  25  九寨沟县  
513226  51  32  26  金川县  
513227  51  32  27  小金县  
513228  51  32  28  黑水县  
513229  51  32  29  马尔康县  
513230  51  32  30  壤塘县  
513231  51  32  31  阿坝县  
513232  51  32  32  若尔盖县  
513233  51  32  33  红原县  
513300  51  33  00  甘孜藏族自治州  
513321  51  33  21  康定县  
513322  51  33  22  泸定县  
513323  51  33  23  丹巴县  
513324  51  33  24  九龙县  
513325  51  33  25  雅江县  
513326  51  33  26  道孚县  
513327  51  33  27  炉霍县  
513328  51  33  28  甘孜县  
513329  51  33  29  新龙县  
513330  51  33  30  德格县  
513331  51  33  31  白玉县  
513332  51  33  32  石渠县  
513333  51  33  33  色达县  
513334  51  33  34  理塘县  
513335  51  33  35  巴塘县  
513336  51  33  36  乡城县  
513337  51  33  37  稻城县  
513338  51  33  38  得荣县  
513400  51  34  00  凉山彝族自治州  
513401  51  34  01  西昌市  
513422  51  34  22  木里藏族自治县  
513423  51  34  23  盐源县  
513424  51  34  24  德昌县  
513425  51  34  25  会理县  
513426  51  34  26  会东县  
513427  51  34  27  宁南县  
513428  51  34  28  普格县  
513429  51  34  29  布拖县  
513430  51  34  30  金阳县  
513431  51  34  31  昭觉县  
513432  51  34  32  喜德县  
513433  51  34  33  冕宁县  
513434  51  34  34  越西县  
513435  51  34  35  甘洛县  
513436  51  34  36  美姑县  
513437  51  34  37  雷波县  
520000  52  00  00  贵州省  
520100  52  01  00  贵阳市  
520101  52  01  01  市辖区  
520102  52  01  02  南明区  
520103  52  01  03  云岩区  
520111  52  01  11  花溪区  
520112  52  01  12  乌当区  
520113  52  01  13  白云区  
520115  52  01  15  观山湖区  
520121  52  01  21  开阳县  
520122  52  01  22  息烽县  
520123  52  01  23  修文县  
520181  52  01  81  清镇市  
520200  52  02  00  六盘水市  
520201  52  02  01  钟山区  
520203  52  02  03  六枝特区  
520221  52  02  21  水城县  
520222  52  02  22  盘县  
520300  52  03  00  遵义市  
520301  52  03  01  市辖区  
520302  52  03  02  红花岗区  
520303  52  03  03  汇川区  
520321  52  03  21  遵义县  
520322  52  03  22  桐梓县  
520323  52  03  23  绥阳县  
520324  52  03  24  正安县  
520325  52  03  25  道真仡佬族苗族自治县  
520326  52  03  26  务川仡佬族苗族自治县  
520327  52  03  27  凤冈县  
520328  52  03  28  湄潭县  
520329  52  03  29  余庆县  
520330  52  03  30  习水县  
520381  52  03  81  赤水市  
520382  52  03  82  仁怀市  
520400  52  04  00  安顺市  
520401  52  04  01  市辖区  
520402  52  04  02  西秀区  
520421  52  04  21  平坝县  
520422  52  04  22  普定县  
520423  52  04  23  镇宁布依族苗族自治县  
520424  52  04  24  关岭布依族苗族自治县  
520425  52  04  25  紫云苗族布依族自治县  
520500  52  05  00  毕节市  
520501  52  05  01  市辖区  
520502  52  05  02  七星关区  
520521  52  05  21  大方县  
520522  52  05  22  黔西县  
520523  52  05  23  金沙县  
520524  52  05  24  织金县  
520525  52  05  25  纳雍县  
520526  52  05  26  威宁彝族回族苗族自治县  
520527  52  05  27  赫章县  
520600  52  06  00  铜仁市  
520601  52  06  01  市辖区  
520602  52  06  02  碧江区  
520603  52  06  03  万山区  
520621  52  06  21  江口县  
520622  52  06  22  玉屏侗族自治县  
520623  52  06  23  石阡县  
520624  52  06  24  思南县  
520625  52  06  25  印江土家族苗族自治县  
520626  52  06  26  德江县  
520627  52  06  27  沿河土家族自治县  
520628  52  06  28  松桃苗族自治县  
522300  52  23  00  黔西南布依族苗族自治州  
522301  52  23  01  兴义市  
522322  52  23  22  兴仁县  
522323  52  23  23  普安县  
522324  52  23  24  晴隆县  
522325  52  23  25  贞丰县  
522326  52  23  26  望谟县  
522327  52  23  27  册亨县  
522328  52  23  28  安龙县  
522600  52  26  00  黔东南苗族侗族自治州  
522601  52  26  01  凯里市  
522622  52  26  22  黄平县  
522623  52  26  23  施秉县  
522624  52  26  24  三穗县  
522625  52  26  25  镇远县  
522626  52  26  26  岑巩县  
522627  52  26  27  天柱县  
522628  52  26  28  锦屏县  
522629  52  26  29  剑河县  
522630  52  26  30  台江县  
522631  52  26  31  黎平县  
522632  52  26  32  榕江县  
522633  52  26  33  从江县  
522634  52  26  34  雷山县  
522635  52  26  35  麻江县  
522636  52  26  36  丹寨县  
522700  52  27  00  黔南布依族苗族自治州  
522701  52  27  01  都匀市  
522702  52  27  02  福泉市  
522722  52  27  22  荔波县  
522723  52  27  23  贵定县  
522725  52  27  25  瓮安县  
522726  52  27  26  独山县  
522727  52  27  27  平塘县  
522728  52  27  28  罗甸县  
522729  52  27  29  长顺县  
522730  52  27  30  龙里县  
522731  52  27  31  惠水县  
522732  52  27  32  三都水族自治县  
530000  53  00  00  云南省  
530100  53  01  00  昆明市  
530101  53  01  01  市辖区  
530102  53  01  02  五华区  
530103  53  01  03  盘龙区  
530111  53  01  11  官渡区  
530112  53  01  12  西山区  
530113  53  01  13  东川区  
530114  53  01  14  呈贡区  
530122  53  01  22  晋宁县  
530124  53  01  24  富民县  
530125  53  01  25  宜良县  
530126  53  01  26  石林彝族自治县  
530127  53  01  27  嵩明县  
530128  53  01  28  禄劝彝族苗族自治县  
530129  53  01  29  寻甸回族彝族自治县  
530181  53  01  81  安宁市  
530300  53  03  00  曲靖市  
530301  53  03  01  市辖区  
530302  53  03  02  麒麟区  
530321  53  03  21  马龙县  
530322  53  03  22  陆良县  
530323  53  03  23  师宗县  
530324  53  03  24  罗平县  
530325  53  03  25  富源县  
530326  53  03  26  会泽县  
530328  53  03  28  沾益县  
530381  53  03  81  宣威市  
530400  53  04  00  玉溪市  
530401  53  04  01  市辖区  
530402  53  04  02  红塔区  
530421  53  04  21  江川县  
530422  53  04  22  澄江县  
530423  53  04  23  通海县  
530424  53  04  24  华宁县  
530425  53  04  25  易门县  
530426  53  04  26  峨山彝族自治县  
530427  53  04  27  新平彝族傣族自治县  
530428  53  04  28  元江哈尼族彝族傣族自治县  
530500  53  05  00  保山市  
530501  53  05  01  市辖区  
530502  53  05  02  隆阳区  
530521  53  05  21  施甸县  
530522  53  05  22  腾冲县  
530523  53  05  23  龙陵县  
530524  53  05  24  昌宁县  
530600  53  06  00  昭通市  
530601  53  06  01  市辖区  
530602  53  06  02  昭阳区  
530621  53  06  21  鲁甸县  
530622  53  06  22  巧家县  
530623  53  06  23  盐津县  
530624  53  06  24  大关县  
530625  53  06  25  永善县  
530626  53  06  26  绥江县  
530627  53  06  27  镇雄县  
530628  53  06  28  彝良县  
530629  53  06  29  威信县  
530630  53  06  30  水富县  
530700  53  07  00  丽江市  
530701  53  07  01  市辖区  
530702  53  07  02  古城区  
530721  53  07  21  玉龙纳西族自治县  
530722  53  07  22  永胜县  
530723  53  07  23  华坪县  
530724  53  07  24  宁蒗彝族自治县  
530800  53  08  00  普洱市  
530801  53  08  01  市辖区  
530802  53  08  02  思茅区  
530821  53  08  21  宁洱哈尼族彝族自治县  
530822  53  08  22  墨江哈尼族自治县  
530823  53  08  23  景东彝族自治县  
530824  53  08  24  景谷傣族彝族自治县  
530825  53  08  25  镇沅彝族哈尼族拉祜族自治县  
530826  53  08  26  江城哈尼族彝族自治县  
530827  53  08  27  孟连傣族拉祜族佤族自治县  
530828  53  08  28  澜沧拉祜族自治县  
530829  53  08  29  西盟佤族自治县  
530900  53  09  00  临沧市  
530901  53  09  01  市辖区  
530902  53  09  02  临翔区  
530921  53  09  21  凤庆县  
530922  53  09  22  云县  
530923  53  09  23  永德县  
530924  53  09  24  镇康县  
530925  53  09  25  双江拉祜族佤族布朗族傣族自治县  
530926  53  09  26  耿马傣族佤族自治县  
530927  53  09  27  沧源佤族自治县  
532300  53  23  00  楚雄彝族自治州  
532301  53  23  01  楚雄市  
532322  53  23  22  双柏县  
532323  53  23  23  牟定县  
532324  53  23  24  南华县  
532325  53  23  25  姚安县  
532326  53  23  26  大姚县  
532327  53  23  27  永仁县  
532328  53  23  28  元谋县  
532329  53  23  29  武定县  
532331  53  23  31  禄丰县  
532500  53  25  00  红河哈尼族彝族自治州  
532501  53  25  01  个旧市  
532502  53  25  02  开远市  
532503  53  25  03  蒙自市  
532504  53  25  04  弥勒市  
532523  53  25  23  屏边苗族自治县  
532524  53  25  24  建水县  
532525  53  25  25  石屏县  
532527  53  25  27  泸西县  
532528  53  25  28  元阳县  
532529  53  25  29  红河县  
532530  53  25  30  金平苗族瑶族傣族自治县  
532531  53  25  31  绿春县  
532532  53  25  32  河口瑶族自治县  
532600  53  26  00  文山壮族苗族自治州  
532601  53  26  01  文山市  
532622  53  26  22  砚山县  
532623  53  26  23  西畴县  
532624  53  26  24  麻栗坡县  
532625  53  26  25  马关县  
532626  53  26  26  丘北县  
532627  53  26  27  广南县  
532628  53  26  28  富宁县  
532800  53  28  00  西双版纳傣族自治州  
532801  53  28  01  景洪市  
532822  53  28  22  勐海县  
532823  53  28  23  勐腊县  
532900  53  29  00  大理白族自治州  
532901  53  29  01  大理市  
532922  53  29  22  漾濞彝族自治县  
532923  53  29  23  祥云县  
532924  53  29  24  宾川县  
532925  53  29  25  弥渡县  
532926  53  29  26  南涧彝族自治县  
532927  53  29  27  巍山彝族回族自治县  
532928  53  29  28  永平县  
532929  53  29  29  云龙县  
532930  53  29  30  洱源县  
532931  53  29  31  剑川县  
532932  53  29  32  鹤庆县  
533100  53  31  00  德宏傣族景颇族自治州  
533102  53  31  02  瑞丽市  
533103  53  31  03  芒市  
533122  53  31  22  梁河县  
533123  53  31  23  盈江县  
533124  53  31  24  陇川县  
533300  53  33  00  怒江傈僳族自治州  
533321  53  33  21  泸水县  
533323  53  33  23  福贡县  
533324  53  33  24  贡山独龙族怒族自治县  
533325  53  33  25  兰坪白族普米族自治县  
533400  53  34  00  迪庆藏族自治州  
533421  53  34  21  香格里拉县  
533422  53  34  22  德钦县  
533423  53  34  23  维西傈僳族自治县  
540000  54  00  00  西藏自治区  
540100  54  01  00  拉萨市  
540101  54  01  01  市辖区  
540102  54  01  02  城关区  
540121  54  01  21  林周县  
540122  54  01  22  当雄县  
540123  54  01  23  尼木县  
540124  54  01  24  曲水县  
540125  54  01  25  堆龙德庆县  
540126  54  01  26  达孜县  
540127  54  01  27  墨竹工卡县  
542100  54  21  00  昌都地区  
542121  54  21  21  昌都县  
542122  54  21  22  江达县  
542123  54  21  23  贡觉县  
542124  54  21  24  类乌齐县  
542125  54  21  25  丁青县  
542126  54  21  26  察雅县  
542127  54  21  27  八宿县  
542128  54  21  28  左贡县  
542129  54  21  29  芒康县  
542132  54  21  32  洛隆县  
542133  54  21  33  边坝县  
542200  54  22  00  山南地区  
542221  54  22  21  乃东县  
542222  54  22  22  扎囊县  
542223  54  22  23  贡嘎县  
542224  54  22  24  桑日县  
542225  54  22  25  琼结县  
542226  54  22  26  曲松县  
542227  54  22  27  措美县  
542228  54  22  28  洛扎县  
542229  54  22  29  加查县  
542231  54  22  31  隆子县  
542232  54  22  32  错那县  
542233  54  22  33  浪卡子县  
542300  54  23  00  日喀则地区  
542301  54  23  01  日喀则市  
542322  54  23  22  南木林县  
542323  54  23  23  江孜县  
542324  54  23  24  定日县  
542325  54  23  25  萨迦县  
542326  54  23  26  拉孜县  
542327  54  23  27  昂仁县  
542328  54  23  28  谢通门县  
542329  54  23  29  白朗县  
542330  54  23  30  仁布县  
542331  54  23  31  康马县  
542332  54  23  32  定结县  
542333  54  23  33  仲巴县  
542334  54  23  34  亚东县  
542335  54  23  35  吉隆县  
542336  54  23  36  聂拉木县  
542337  54  23  37  萨嘎县  
542338  54  23  38  岗巴县  
542400  54  24  00  那曲地区  
542421  54  24  21  那曲县  
542422  54  24  22  嘉黎县  
542423  54  24  23  比如县  
542424  54  24  24  聂荣县  
542425  54  24  25  安多县  
542426  54  24  26  申扎县  
542427  54  24  27  索县  
542428  54  24  28  班戈县  
542429  54  24  29  巴青县  
542430  54  24  30  尼玛县  
542431  54  24  31  双湖县  
542500  54  25  00  阿里地区  
542521  54  25  21  普兰县  
542522  54  25  22  札达县  
542523  54  25  23  噶尔县  
542524  54  25  24  日土县  
542525  54  25  25  革吉县  
542526  54  25  26  改则县  
542527  54  25  27  措勤县  
542600  54  26  00  林芝地区  
542621  54  26  21  林芝县  
542622  54  26  22  工布江达县  
542623  54  26  23  米林县  
542624  54  26  24  墨脱县  
542625  54  26  25  波密县  
542626  54  26  26  察隅县  
542627  54  26  27  朗县  
610000  61  00  00  陕西省  
610100  61  01  00  西安市  
610101  61  01  01  市辖区  
610102  61  01  02  新城区  
610103  61  01  03  碑林区  
610104  61  01  04  莲湖区  
610111  61  01  11  灞桥区  
610112  61  01  12  未央区  
610113  61  01  13  雁塔区  
610114  61  01  14  阎良区  
610115  61  01  15  临潼区  
610116  61  01  16  长安区  
610122  61  01  22  蓝田县  
610124  61  01  24  周至县  
610125  61  01  25  户县  
610126  61  01  26  高陵县  
610200  61  02  00  铜川市  
610201  61  02  01  市辖区  
610202  61  02  02  王益区  
610203  61  02  03  印台区  
610204  61  02  04  耀州区  
610222  61  02  22  宜君县  
610300  61  03  00  宝鸡市  
610301  61  03  01  市辖区  
610302  61  03  02  渭滨区  
610303  61  03  03  金台区  
610304  61  03  04  陈仓区  
610322  61  03  22  凤翔县  
610323  61  03  23  岐山县  
610324  61  03  24  扶风县  
610326  61  03  26  眉县  
610327  61  03  27  陇县  
610328  61  03  28  千阳县  
610329  61  03  29  麟游县  
610330  61  03  30  凤县  
610331  61  03  31  太白县  
610400  61  04  00  咸阳市  
610401  61  04  01  市辖区  
610402  61  04  02  秦都区  
610403  61  04  03  杨陵区  
610404  61  04  04  渭城区  
610422  61  04  22  三原县  
610423  61  04  23  泾阳县  
610424  61  04  24  乾县  
610425  61  04  25  礼泉县  
610426  61  04  26  永寿县  
610427  61  04  27  彬县  
610428  61  04  28  长武县  
610429  61  04  29  旬邑县  
610430  61  04  30  淳化县  
610431  61  04  31  武功县  
610481  61  04  81  兴平市  
610500  61  05  00  渭南市  
610501  61  05  01  市辖区  
610502  61  05  02  临渭区  
610521  61  05  21  华县  
610522  61  05  22  潼关县  
610523  61  05  23  大荔县  
610524  61  05  24  合阳县  
610525  61  05  25  澄城县  
610526  61  05  26  蒲城县  
610527  61  05  27  白水县  
610528  61  05  28  富平县  
610581  61  05  81  韩城市  
610582  61  05  82  华阴市  
610600  61  06  00  延安市  
610601  61  06  01  市辖区  
610602  61  06  02  宝塔区  
610621  61  06  21  延长县  
610622  61  06  22  延川县  
610623  61  06  23  子长县  
610624  61  06  24  安塞县  
610625  61  06  25  志丹县  
610626  61  06  26  吴起县  
610627  61  06  27  甘泉县  
610628  61  06  28  富县  
610629  61  06  29  洛川县  
610630  61  06  30  宜川县  
610631  61  06  31  黄龙县  
610632  61  06  32  黄陵县  
610700  61  07  00  汉中市  
610701  61  07  01  市辖区  
610702  61  07  02  汉台区  
610721  61  07  21  南郑县  
610722  61  07  22  城固县  
610723  61  07  23  洋县  
610724  61  07  24  西乡县  
610725  61  07  25  勉县  
610726  61  07  26  宁强县  
610727  61  07  27  略阳县  
610728  61  07  28  镇巴县  
610729  61  07  29  留坝县  
610730  61  07  30  佛坪县  
610800  61  08  00  榆林市  
610801  61  08  01  市辖区  
610802  61  08  02  榆阳区  
610821  61  08  21  神木县  
610822  61  08  22  府谷县  
610823  61  08  23  横山县  
610824  61  08  24  靖边县  
610825  61  08  25  定边县  
610826  61  08  26  绥德县  
610827  61  08  27  米脂县  
610828  61  08  28  佳县  
610829  61  08  29  吴堡县  
610830  61  08  30  清涧县  
610831  61  08  31  子洲县  
610900  61  09  00  安康市  
610901  61  09  01  市辖区  
610902  61  09  02  汉滨区  
610921  61  09  21  汉阴县  
610922  61  09  22  石泉县  
610923  61  09  23  宁陕县  
610924  61  09  24  紫阳县  
610925  61  09  25  岚皋县  
610926  61  09  26  平利县  
610927  61  09  27  镇坪县  
610928  61  09  28  旬阳县  
610929  61  09  29  白河县  
611000  61  10  00  商洛市  
611001  61  10  01  市辖区  
611002  61  10  02  商州区  
611021  61  10  21  洛南县  
611022  61  10  22  丹凤县  
611023  61  10  23  商南县  
611024  61  10  24  山阳县  
611025  61  10  25  镇安县  
611026  61  10  26  柞水县  
620000  62  00  00  甘肃省  
620100  62  01  00  兰州市  
620101  62  01  01  市辖区  
620102  62  01  02  城关区  
620103  62  01  03  七里河区  
620104  62  01  04  西固区  
620105  62  01  05  安宁区  
620111  62  01  11  红古区  
620121  62  01  21  永登县  
620122  62  01  22  皋兰县  
620123  62  01  23  榆中县  
620200  62  02  00  嘉峪关市  
620201  62  02  01  市辖区  
620300  62  03  00  金昌市  
620301  62  03  01  市辖区  
620302  62  03  02  金川区  
620321  62  03  21  永昌县  
620400  62  04  00  白银市  
620401  62  04  01  市辖区  
620402  62  04  02  白银区  
620403  62  04  03  平川区  
620421  62  04  21  靖远县  
620422  62  04  22  会宁县  
620423  62  04  23  景泰县  
620500  62  05  00  天水市  
620501  62  05  01  市辖区  
620502  62  05  02  秦州区  
620503  62  05  03  麦积区  
620521  62  05  21  清水县  
620522  62  05  22  秦安县  
620523  62  05  23  甘谷县  
620524  62  05  24  武山县  
620525  62  05  25  张家川回族自治县  
620600  62  06  00  武威市  
620601  62  06  01  市辖区  
620602  62  06  02  凉州区  
620621  62  06  21  民勤县  
620622  62  06  22  古浪县  
620623  62  06  23  天祝藏族自治县  
620700  62  07  00  张掖市  
620701  62  07  01  市辖区  
620702  62  07  02  甘州区  
620721  62  07  21  肃南裕固族自治县  
620722  62  07  22  民乐县  
620723  62  07  23  临泽县  
620724  62  07  24  高台县  
620725  62  07  25  山丹县  
620800  62  08  00  平凉市  
620801  62  08  01  市辖区  
620802  62  08  02  崆峒区  
620821  62  08  21  泾川县  
620822  62  08  22  灵台县  
620823  62  08  23  崇信县  
620824  62  08  24  华亭县  
620825  62  08  25  庄浪县  
620826  62  08  26  静宁县  
620900  62  09  00  酒泉市  
620901  62  09  01  市辖区  
620902  62  09  02  肃州区  
620921  62  09  21  金塔县  
620922  62  09  22  瓜州县  
620923  62  09  23  肃北蒙古族自治县  
620924  62  09  24  阿克塞哈萨克族自治县  
620981  62  09  81  玉门市  
620982  62  09  82  敦煌市  
621000  62  10  00  庆阳市  
621001  62  10  01  市辖区  
621002  62  10  02  西峰区  
621021  62  10  21  庆城县  
621022  62  10  22  环县  
621023  62  10  23  华池县  
621024  62  10  24  合水县  
621025  62  10  25  正宁县  
621026  62  10  26  宁县  
621027  62  10  27  镇原县  
621100  62  11  00  定西市  
621101  62  11  01  市辖区  
621102  62  11  02  安定区  
621121  62  11  21  通渭县  
621122  62  11  22  陇西县  
621123  62  11  23  渭源县  
621124  62  11  24  临洮县  
621125  62  11  25  漳县  
621126  62  11  26  岷县  
621200  62  12  00  陇南市  
621201  62  12  01  市辖区  
621202  62  12  02  武都区  
621221  62  12  21  成县  
621222  62  12  22  文县  
621223  62  12  23  宕昌县  
621224  62  12  24  康县  
621225  62  12  25  西和县  
621226  62  12  26  礼县  
621227  62  12  27  徽县  
621228  62  12  28  两当县  
622900  62  29  00  临夏回族自治州  
622901  62  29  01  临夏市  
622921  62  29  21  临夏县  
622922  62  29  22  康乐县  
622923  62  29  23  永靖县  
622924  62  29  24  广河县  
622925  62  29  25  和政县  
622926  62  29  26  东乡族自治县  
622927  62  29  27  积石山保安族东乡族撒拉族自治县  
623000  62  30  00  甘南藏族自治州  
623001  62  30  01  合作市  
623021  62  30  21  临潭县  
623022  62  30  22  卓尼县  
623023  62  30  23  舟曲县  
623024  62  30  24  迭部县  
623025  62  30  25  玛曲县  
623026  62  30  26  碌曲县  
623027  62  30  27  夏河县  
630000  63  00  00  青海省  
630100  63  01  00  西宁市  
630101  63  01  01  市辖区  
630102  63  01  02  城东区  
630103  63  01  03  城中区  
630104  63  01  04  城西区  
630105  63  01  05  城北区  
630121  63  01  21  大通回族土族自治县  
630122  63  01  22  湟中县  
630123  63  01  23  湟源县  
630200  63  02  00  海东市  
630202  63  02  02  乐都区  
630221  63  02  21  平安县  
630222  63  02  22  民和回族土族自治县  
630223  63  02  23  互助土族自治县  
630224  63  02  24  化隆回族自治县  
630225  63  02  25  循化撒拉族自治县  
632200  63  22  00  海北藏族自治州  
632221  63  22  21  门源回族自治县  
632222  63  22  22  祁连县  
632223  63  22  23  海晏县  
632224  63  22  24  刚察县  
632300  63  23  00  黄南藏族自治州  
632321  63  23  21  同仁县  
632322  63  23  22  尖扎县  
632323  63  23  23  泽库县  
632324  63  23  24  河南蒙古族自治县  
632500  63  25  00  海南藏族自治州  
632521  63  25  21  共和县  
632522  63  25  22  同德县  
632523  63  25  23  贵德县  
632524  63  25  24  兴海县  
632525  63  25  25  贵南县  
632600  63  26  00  果洛藏族自治州  
632621  63  26  21  玛沁县  
632622  63  26  22  班玛县  
632623  63  26  23  甘德县  
632624  63  26  24  达日县  
632625  63  26  25  久治县  
632626  63  26  26  玛多县  
632700  63  27  00  玉树藏族自治州  
632701  63  27  01  玉树市  
632722  63  27  22  杂多县  
632723  63  27  23  称多县  
632724  63  27  24  治多县  
632725  63  27  25  囊谦县  
632726  63  27  26  曲麻莱县  
632800  63  28  00  海西蒙古族藏族自治州  
632801  63  28  01  格尔木市  
632802  63  28  02  德令哈市  
632821  63  28  21  乌兰县  
632822  63  28  22  都兰县  
632823  63  28  23  天峻县  
640000  64  00  00  宁夏回族自治区  
640100  64  01  00  银川市  
640101  64  01  01  市辖区  
640104  64  01  04  兴庆区  
640105  64  01  05  西夏区  
640106  64  01  06  金凤区  
640121  64  01  21  永宁县  
640122  64  01  22  贺兰县  
640181  64  01  81  灵武市  
640200  64  02  00  石嘴山市  
640201  64  02  01  市辖区  
640202  64  02  02  大武口区  
640205  64  02  05  惠农区  
640221  64  02  21  平罗县  
640300  64  03  00  吴忠市  
640301  64  03  01  市辖区  
640302  64  03  02  利通区  
640303  64  03  03  红寺堡区  
640323  64  03  23  盐池县  
640324  64  03  24  同心县  
640381  64  03  81  青铜峡市  
640400  64  04  00  固原市  
640401  64  04  01  市辖区  
640402  64  04  02  原州区  
640422  64  04  22  西吉县  
640423  64  04  23  隆德县  
640424  64  04  24  泾源县  
640425  64  04  25  彭阳县  
640500  64  05  00  中卫市  
640501  64  05  01  市辖区  
640502  64  05  02  沙坡头区  
640521  64  05  21  中宁县  
640522  64  05  22  海原县  
650000  65  00  00  新疆维吾尔自治区  
650100  65  01  00  乌鲁木齐市  
650101  65  01  01  市辖区  
650102  65  01  02  天山区  
650103  65  01  03  沙依巴克区  
650104  65  01  04  新市区  
650105  65  01  05  水磨沟区  
650106  65  01  06  头屯河区  
650107  65  01  07  达坂城区  
650109  65  01  09  米东区  
650121  65  01  21  乌鲁木齐县  
650200  65  02  00  克拉玛依市  
650201  65  02  01  市辖区  
650202  65  02  02  独山子区  
650203  65  02  03  克拉玛依区  
650204  65  02  04  白碱滩区  
650205  65  02  05  乌尔禾区  
652100  65  21  00  吐鲁番地区  
652101  65  21  01  吐鲁番市  
652122  65  21  22  鄯善县  
652123  65  21  23  托克逊县  
652200  65  22  00  哈密地区  
652201  65  22  01  哈密市  
652222  65  22  22  巴里坤哈萨克自治县  
652223  65  22  23  伊吾县  
652300  65  23  00  昌吉回族自治州  
652301  65  23  01  昌吉市  
652302  65  23  02  阜康市  
652323  65  23  23  呼图壁县  
652324  65  23  24  玛纳斯县  
652325  65  23  25  奇台县  
652327  65  23  27  吉木萨尔县  
652328  65  23  28  木垒哈萨克自治县  
652700  65  27  00  博尔塔拉蒙古自治州  
652701  65  27  01  博乐市  
652702  65  27  02  阿拉山口市  
652722  65  27  22  精河县  
652723  65  27  23  温泉县  
652800  65  28  00  巴音郭楞蒙古自治州  
652801  65  28  01  库尔勒市  
652822  65  28  22  轮台县  
652823  65  28  23  尉犁县  
652824  65  28  24  若羌县  
652825  65  28  25  且末县  
652826  65  28  26  焉耆回族自治县  
652827  65  28  27  和静县  
652828  65  28  28  和硕县  
652829  65  28  29  博湖县  
652900  65  29  00  阿克苏地区  
652901  65  29  01  阿克苏市  
652922  65  29  22  温宿县  
652923  65  29  23  库车县  
652924  65  29  24  沙雅县  
652925  65  29  25  新和县  
652926  65  29  26  拜城县  
652927  65  29  27  乌什县  
652928  65  29  28  阿瓦提县  
652929  65  29  29  柯坪县  
653000  65  30  00  克孜勒苏柯尔克孜自治州  
653001  65  30  01  阿图什市  
653022  65  30  22  阿克陶县  
653023  65  30  23  阿合奇县  
653024  65  30  24  乌恰县  
653100  65  31  00  喀什地区  
653101  65  31  01  喀什市  
653121  65  31  21  疏附县  
653122  65  31  22  疏勒县  
653123  65  31  23  英吉沙县  
653124  65  31  24  泽普县  
653125  65  31  25  莎车县  
653126  65  31  26  叶城县  
653127  65  31  27  麦盖提县  
653128  65  31  28  岳普湖县  
653129  65  31  29  伽师县  
653130  65  31  30  巴楚县  
653131  65  31  31  塔什库尔干塔吉克自治县  
653200  65  32  00  和田地区  
653201  65  32  01  和田市  
653221  65  32  21  和田县  
653222  65  32  22  墨玉县  
653223  65  32  23  皮山县  
653224  65  32  24  洛浦县  
653225  65  32  25  策勒县  
653226  65  32  26  于田县  
653227  65  32  27  民丰县  
654000  65  40  00  伊犁哈萨克自治州  
654002  65  40  02  伊宁市  
654003  65  40  03  奎屯市  
654021  65  40  21  伊宁县  
654022  65  40  22  察布查尔锡伯自治县  
654023  65  40  23  霍城县  
654024  65  40  24  巩留县  
654025  65  40  25  新源县  
654026  65  40  26  昭苏县  
654027  65  40  27  特克斯县  
654028  65  40  28  尼勒克县  
654200  65  42  00  塔城地区  
654201  65  42  01  塔城市  
654202  65  42  02  乌苏市  
654221  65  42  21  额敏县  
654223  65  42  23  沙湾县  
654224  65  42  24  托里县  
654225  65  42  25  裕民县  
654226  65  42  26  和布克赛尔蒙古自治县  
654300  65  43  00  阿勒泰地区  
654301  65  43  01  阿勒泰市  
654321  65  43  21  布尔津县  
654322  65  43  22  富蕴县  
654323  65  43  23  福海县  
654324  65  43  24  哈巴河县  
654325  65  43  25  青河县  
654326  65  43  26  吉木乃县  
659000  65  90  00  自治区直辖县级行政区划  
659001  65  90  01  石河子市  
659002  65  90  02  阿拉尔市  
659003  65  90  03  图木舒克市  
